Date,Open,High,Low,Close,Volume
2015-01-02,20.68998516106401,20.796909682218264,20.453223097049293,20.651798248291016,2849900
2015-01-05,20.514320985325647,20.552507894289683,20.33865741657436,20.422670364379883,3425600
2015-01-06,20.430312244022762,20.483774510274912,20.155361781311687,20.170637130737305,3639400
2015-01-07,20.376845410414685,20.590694427490234,20.300470137143197,20.590694427490234,3606300
2015-01-08,20.751084920024866,21.010760003549382,20.697622659899935,21.003122329711914,2748100
2015-01-09,21.003121193229365,21.003121193229365,20.521959421403412,20.56014633178711,4678600
2015-01-12,20.537235478179923,20.613610763742116,20.201186552486124,20.26992416381836,2820500
2015-01-13,20.445583148268852,20.65943216678345,20.20118343754521,20.239370346069336,3467800
2015-01-14,20.16299200224624,20.193542689803607,19.826941722799997,19.88040542602539,6148900
2015-01-15,19.895687139541593,20.12481301614346,19.895687139541593,20.06371307373047,5020000
2015-01-16,19.910959379521234,20.140085220336914,19.834584099249344,20.140085220336914,4180900
2015-01-20,20.277560329991662,20.331024049466073,19.964422971042836,20.101898193359375,1983400
2015-01-21,20.01788505182334,20.140086381345252,19.880411287493803,20.00261116027832,2762600
2015-01-22,20.155355628823386,20.430306007604955,19.98733120664412,20.38448143005371,2516500
2015-01-23,20.41503696032586,20.44558765927545,20.22409946210342,20.23173713684082,1641300
2015-01-26,20.216458196526656,20.53723319483392,20.124809029431578,20.52195930480957,2921000
2015-01-27,20.33865539576541,20.560143524614354,20.262281585425693,20.38448143005371,2349900
2015-01-28,20.68998087050746,20.88855598056994,20.247006073210247,20.26228141784668,5805800
2015-01-29,20.30046727292748,20.384480207346353,20.01024302352851,20.35392951965332,3264500
2015-01-30,20.140082292388612,20.23936912259172,19.811669654679946,19.819307327270508,4914100
2015-02-02,19.973068893363,20.294710432589536,19.79263696611561,20.279020309448242,3720300
2015-02-03,20.263331247989463,20.624196617684017,20.200572248428575,20.475143432617188,4049200
2015-02-04,20.39669430909293,20.616351555702334,20.37315912314788,20.475143432617188,3317100
2015-02-05,20.522210655052533,20.71048763856859,20.35746885558565,20.69479751586914,3472500
2015-02-06,20.71048763856859,20.812471939822576,20.54574583910171,20.69479751586914,3772700
2015-02-09,20.569278580588637,20.74971199074676,20.50651958897045,20.66341781616211,2597800
2015-02-10,20.78893716129423,20.828160972515526,20.647729046829586,20.757556915283203,2997400
2015-02-11,20.749713473535028,20.985059334848103,20.741868411985593,20.922300338745117,2686300
2015-02-12,20.953679466295302,21.23609570199493,20.937990839206172,21.22040557861328,3554900
2015-02-13,21.196871071973106,21.29885387743389,21.094886770219862,21.267475128173828,3222300
2015-02-17,21.283160869738655,21.298850990388132,20.945832253528465,20.977210998535156,3355900
2015-02-18,20.953677586861886,21.008593013772042,20.773245673034246,20.985057830810547,3402900
2015-02-19,20.930150159442455,20.985064106482472,20.7810969486961,20.953683853149414,2868200
2015-02-20,20.875232696533203,20.937991696336425,20.54574757349314,20.875232696533203,5153900
2015-02-23,20.867384500537185,20.867384500537185,20.694796154779198,20.83600425720215,2623800
2015-02-24,20.812471659208203,20.9458347077705,20.765401291744492,20.883075714111328,1763500
2015-02-25,20.914457060498755,20.937992247153826,20.80462918202701,20.843852996826172,1744500
2015-02-26,20.79678112587689,20.992903164223943,20.69479682801267,20.96936798095703,3034400
2015-02-27,20.914453642479216,20.99290275554933,20.8673847731541,20.90660858154297,2553600
2015-03-02,20.89091618137232,21.283160207653598,20.804623513069146,21.251781463623047,3564700
2015-03-03,21.12626538890901,21.21255956124077,20.914453236617803,21.016437530517578,2813400
2015-03-04,20.94583829383351,20.961526922714974,20.671267088456595,20.726181030273438,2581500
2015-03-05,20.7497103602895,20.82815797142874,20.671261252857995,20.820314407348633,2208300
2015-03-06,20.686948758947818,20.9066044364427,20.530050563915403,20.60065460205078,4490600
2015-03-09,20.584971137994536,20.749714445665962,20.584971137994536,20.718334197998047,1739100
2015-03-10,20.608502786464616,20.639881532454062,20.36531039765795,20.381000518798828,3519000
2015-03-11,20.380998108923684,20.69479301317617,20.333929247358842,20.647724151611328,2945800
2015-03-12,20.788929057873656,21.032119884494595,20.734015145052012,21.024274826049805,3331500
2015-03-13,20.93798608094176,20.992900004005545,20.67126002923864,20.78108787536621,2464500
2015-03-16,20.86738812941259,21.17333807367264,20.82816281842244,21.16549301147461,3232400
2015-03-17,21.07135647099657,21.236098297763352,21.032131157747784,21.20471954345703,2807100
2015-03-18,21.11057514038346,21.659717421622833,21.05566121151799,21.581268310546875,5820800
2015-03-19,21.54988589337982,21.714629159647224,21.471438286510967,21.596956253051758,4873500
2015-03-20,21.61264434359804,21.730318743583386,21.596955720386525,21.69109344482422,4922500
2015-03-23,21.714635848999023,21.88722273208621,21.667566971119363,21.714635848999023,2805900
2015-03-24,21.48713071374028,21.72247806488436,21.33807903727073,21.42437171936035,4542200
2015-03-25,21.455756518257974,21.549894281660528,21.236099243164062,21.236099243164062,3203500
2015-03-26,21.157645227955715,21.291008275583668,21.032127241516754,21.126266479492188,3592500
2015-03-27,21.118425350602408,21.236098297763352,21.055666345697055,21.20471954345703,2296900
2015-03-30,21.275324901703023,21.557739692763754,21.275324901703023,21.471446990966797,2708800
2015-03-31,21.322385517648943,21.447903486412038,21.173332368633183,21.338075637817383,3159800
2015-04-01,21.251785558680837,21.29100937035021,21.094887319418337,21.14980125427246,5389400
2015-04-02,21.18901944278123,21.236088300227973,21.024276197279644,21.05565643310547,3310900
2015-04-06,20.898764729112845,21.259630071586056,20.859540918455792,21.181180953979492,5665500
2015-04-07,21.212560796324198,21.220404361272543,21.02428231913031,21.032127380371094,2309700
2015-04-08,21.016438754181966,21.17333549012029,20.961523325496493,21.032127380371094,5634800
2015-04-09,21.03212465321414,21.149797563982784,20.961520607494503,20.992900848388672,4089000
2015-04-10,21.02428448785289,21.149802488068108,20.992905735945378,21.102733612060547,2865900
2015-04-13,21.102731161906355,21.228249147548183,21.016438481960364,21.04781723022461,2460000
2015-04-14,20.985057830810547,21.110575814020414,20.930143900192775,20.985057830810547,3383700
2015-04-15,21.27531678824534,21.479282366558625,21.102728457883327,21.330230712890625,5802000
2015-04-16,21.298860133629553,21.392999401646556,21.14980691605801,21.32239532470703,2473900
2015-04-17,21.141956057969075,21.20471504957401,20.890918595256952,20.985057830810547,3975700
2015-04-20,21.134108554997106,21.298850327814982,21.04781439040172,21.251781463623047,2614400
2015-04-21,21.267471971043673,21.322385896316224,20.961520607494503,20.992900848388672,2598400
2015-04-22,20.985064106482472,21.008599296482267,20.741873128322613,20.953683853149414,4263500
2015-04-23,20.91445445434424,21.110576496486473,20.867385583191986,21.032127380371094,1902800
2015-04-24,21.01643617201018,21.094883782194707,20.914451884702697,21.07135009765625,1761500
2015-04-27,21.173337989124686,21.173337989124686,20.836007797419523,20.85169792175293,3101800
2015-04-28,20.796779099942952,21.032124924516065,20.77324391896874,20.977210998535156,2722200
2015-04-29,20.836000577026244,20.91444967521534,20.741862856233002,20.828155517578125,2552900
2015-04-30,20.94583566022109,21.063508591646322,20.84385135570472,20.91445541381836,4381800
2015-05-01,20.985059314159283,21.181181363824322,20.883076506702157,21.15764617919922,2553800
2015-05-04,21.173333175095962,21.306696209022892,21.110574188324012,21.291006088256836,4119700
2015-05-05,21.26747158378443,21.345919192006914,21.165487299027657,21.251781463623047,3909600
2015-05-06,21.275319514383177,21.298853201508262,20.922299244582785,21.04781723022461,4108000
2015-05-07,21.047820890295224,21.1890290227705,20.97721682405759,21.14196014404297,3653700
2015-05-08,21.298851148639866,21.37730025617787,21.228247101484886,21.291006088256836,2582600
2015-05-11,21.220403535255997,21.314542770188517,21.149799483129705,21.228248596191406,2633000
2015-05-12,21.118422367783207,21.189026425366023,21.02428312557529,21.15764617919922,3547700
2015-05-13,21.14980070841988,21.236094887416346,21.032127780156266,21.181180953979492,2180000
2015-05-14,21.291007180664195,21.494974272211326,21.18117932225126,21.48712921142578,2926600
2015-05-15,21.502820428696822,21.612648292706158,21.31454344912692,21.36161231994629,5154100
2015-05-18,21.377302169799805,21.41652597893385,21.275319368275838,21.377302169799805,3068300
2015-05-19,21.424370767302648,21.43221582828808,21.298852784120566,21.39299201965332,2889800
2015-05-20,21.50282069955172,21.53420094468819,21.34592246645426,21.43221664428711,3617000
2015-05-21,21.361614080725214,21.510667262947088,21.30670014419414,21.455753326416016,2413400
2015-05-22,21.455752787079405,21.573425719015532,21.385148728659225,21.40083885192871,2635400
2015-05-26,21.36945807080095,21.440062127454862,21.23609501893161,21.25963020324707,4486000
2015-05-27,21.353766714726177,21.41652570631722,21.24393885351495,21.39299201965332,1800000
2015-05-28,21.32239080110568,21.518512862931463,21.306700677049395,21.51066780090332,6090300
2015-05-29,21.471437858810518,21.518506721252677,21.345918398477824,21.44790267944336,10815700
2015-06-01,21.518506721252677,21.573420643483892,21.416522440287146,21.44790267944336,4661700
2015-06-02,21.36946212017935,21.589119393203248,21.36946212017935,21.479290008544922,4569700
2015-06-03,21.557731636770157,21.644025802612305,21.455748846832176,21.644025802612305,2999300
2015-06-04,21.526355063820834,21.596959116397304,21.353766714726177,21.39299201965332,4997700
2015-06-05,21.479285652406233,21.53420108174457,21.330233975936682,21.42437171936035,6964300
2015-06-08,21.38514654848942,21.47144072138158,21.22824832437501,21.243938446044922,5832100
2015-06-09,21.204718322464757,21.236097074964253,21.087043885786933,21.16549301147461,5192200
2015-06-10,21.267479659172636,21.64403370827234,21.220409280815584,21.62834358215332,5261700
2015-06-11,21.65187398658559,21.863686153506585,21.60480511492285,21.832305908203125,2410100
2015-06-12,21.785234451293945,21.824458256976143,21.66756153795508,21.785234451293945,2001300
2015-06-15,21.6204906220302,21.74600859255029,21.557731636770157,21.644025802612305,3370500
2015-06-16,21.6126507159773,21.80092921294994,21.557736777815524,21.738168716430664,2028900
2015-06-17,21.82445839833299,21.918597627389186,21.68325030289484,21.863683700561523,3813400
2015-06-18,21.957819842038248,22.287304875418666,21.92644109882173,22.25592613220215,3613700
2015-06-19,22.106876238039305,22.30299827493278,22.02058206299261,22.028427124023438,4440100
2015-06-22,22.263774871826172,22.310845242032464,22.161792062297582,22.263774871826172,3458200
2015-06-23,22.263773916761878,22.357913156843587,22.193171357066173,22.318689346313477,2761800
2015-06-24,22.31084607751153,22.334379767203423,22.09118883053418,22.153947830200195,2557400
2015-06-25,22.146100318834783,22.20101425043247,21.95782334066027,22.099031448364258,3746300
2015-06-26,22.177481511245766,22.295154440597823,22.13041114247096,22.216705322265625,3323200
2015-06-29,21.96566923281992,22.091187223018352,21.793082370370197,21.81661605834961,3361000
2015-06-30,22.036273013798258,22.083341885460996,21.785237036540387,21.832305908203125,3367000
2015-07-01,22.577566663939503,22.577566663939503,22.193167698206718,22.310840606689453,5053900
2015-07-02,22.357914953187898,22.42851901484874,22.099033892529004,22.153947830200195,3268900
2015-07-06,21.918601134735162,22.303000180331416,21.902911011333064,22.263774871826172,3498000
2015-07-07,22.2951581510484,22.750161317547647,22.16179507657659,22.7109375,5553400
2015-07-08,22.59325940770845,22.765847768160977,22.452052789555232,22.530500411987305,4226900
2015-07-09,22.805069924805878,22.852138794108644,22.632483073167496,22.773691177368164,5223700
2015-07-10,22.993353280840157,23.118871298017265,22.95412946158211,23.05611228942871,3833100
2015-07-13,23.244388696867787,23.785686066727944,23.165941060438485,23.322837829589844,3499200
2015-07-14,23.260078135808694,23.3934412086102,23.244388010469056,23.362062454223633,3113600
2015-07-15,23.330675951696186,23.589556965257838,23.26007190288007,23.54248809814453,4031800
2015-07-16,23.762147908654168,23.848440591767815,23.550335738998676,23.675853729248047,7075100
2015-07-17,23.691540769699007,24.6172354532769,23.644470407260258,24.538787841796875,9790600
2015-07-20,24.25637546128007,24.648619565442882,24.060253409198662,24.130857467651367,8144000
2015-07-21,24.14654444924233,24.232837123451777,23.832748009705853,23.942577362060547,4897300
2015-07-22,23.958265719949768,24.075938627968977,23.903350299668077,24.021024703979492,3428700
2015-07-23,24.021027427345594,24.107320104987203,23.90335300969293,23.973957061767578,2813700
2015-07-24,23.934736251831055,24.02103043657553,23.88766737664887,23.934736251831055,2606200
2015-07-27,23.769987799019137,23.96610981550046,23.715073873811125,23.903350830078125,2462000
2015-07-28,24.083785183078465,24.1073188683679,23.785678868212322,23.871973037719727,2906400
2015-07-29,23.879820552028168,23.99749347944379,23.66800838490458,23.840595245361328,4353100
2015-07-30,23.801369668597605,23.934732708782587,23.699385375124905,23.919042587280273,3187100
2015-07-31,24.068095612341583,24.08378573375483,23.903352330087163,23.92688751220703,2272400
2015-08-03,23.91904041974856,24.021024703979492,23.848436375678595,24.021024703979492,1986100
2015-08-04,23.801370888780813,24.075942043977896,23.801370888780813,23.958269119262695,3210100
2015-08-05,24.123010771556032,24.193614825224955,23.950423916083338,24.11516571044922,3063000
2015-08-06,24.12300967793333,24.18576866765024,23.84059347606105,23.919042587280273,3328200
2015-08-07,23.848438944231024,23.997492108464694,23.769989831671598,23.981801986694336,2591000
2015-08-10,24.1465467654204,24.29559844257597,24.115166519939777,24.240684509277344,2406300
2015-08-11,24.036716997038386,24.358357026326484,24.028871935800577,24.264219284057617,3282700
2015-08-12,24.03671469963176,24.224991662466593,23.84843773679692,24.201457977294922,2599000
2015-08-13,24.319133758544922,24.421116564324972,24.036717532857907,24.319133758544922,2651000
2015-08-14,24.319129538473888,24.436802446659676,24.224990314149935,24.34266471862793,2547000
2015-08-17,24.24068584072147,24.515257018588166,24.123012906290754,24.50741195678711,1976100
2015-08-18,24.460342270612585,24.491721020483027,24.33482427854585,24.46818733215332,2639000
2015-08-19,24.39758420106663,24.76629312972767,24.319135078972725,24.672155380249023,5836500
2015-08-20,24.47603406433328,24.530948002574128,24.21715300098885,24.22499656677246,3609700
2015-08-21,24.05240771066327,24.060252772093897,23.503265380859375,23.503265380859375,5532700
2015-08-24,22.538343293749197,23.18162331175087,21.361611115563015,22.546188354492188,8233700
2015-08-25,22.94627705245082,23.150244139138795,22.381446155978804,22.39713478088379,5679800
2015-08-26,22.94627856635896,23.213004659141397,22.593258297590317,23.150245666503906,6306300
2015-08-27,23.464045866125325,23.83275484311823,23.330682789971682,23.730772018432617,4757000
2015-08-28,23.69154604857326,23.69154604857326,23.448353610662533,23.573871612548828,3122400
2015-08-31,23.550335749443118,23.613094744595635,23.409127636276832,23.503265380859375,2922500
2015-09-01,23.00119550903216,23.189472511592513,22.844298755044843,22.93843650817871,3673200
2015-09-02,23.220850531891383,23.283609526722476,23.016883424617212,23.27576446533203,3624900
2015-09-03,23.377749984605398,23.605252302460276,23.25223198037258,23.40128517150879,3127300
2015-09-04,23.11102090549578,23.22869532871974,23.001193039865363,23.118865966796875,3471500
2015-09-08,23.471886626205485,23.6287848621981,23.24438433364544,23.58955955505371,4202400
2015-09-09,23.78567939748752,23.864128508213316,23.252227240102904,23.283607482910156,3171400
2015-09-10,23.267921140006862,23.62878650942987,23.228697326420537,23.518957138061523,3144600
2015-09-11,23.41697349088313,23.722923415578187,23.393438305794078,23.715078353881836,2696700
2015-09-14,23.746457785799876,23.848440591767815,23.620939795550505,23.675853729248047,3611000
2015-09-15,23.777836648306824,24.028872629999533,23.67585384185384,23.989648818969727,2683500
2015-09-16,24.07594311033798,24.389738088907784,23.973958807119995,24.303443908691406,4110300
2015-09-17,24.381895978571812,24.868279376445816,24.334827100162286,24.58586311340332,5661700
2015-09-18,24.17007635586746,24.460337592187567,23.746453587739868,24.021024703979492,12851400
2015-09-21,24.3034432305298,24.515255396263704,24.14654649376918,24.25637435913086,3667100
2015-09-22,23.85628238376325,24.154388691970293,23.85628238376325,24.052404403686523,2866200
2015-09-23,24.02887276070166,24.162235813737883,23.94258007670821,24.068098068237305,2341900
2015-09-24,23.903354231413534,24.052407404110735,23.785681304038885,24.01318359375,3069800
2015-09-25,24.334822383333808,24.421115060976355,23.926888192740844,24.060251235961914,4121700
2015-09-28,23.895509596107257,24.075943017343885,23.675853860103068,23.754302978515625,3945000
2015-09-29,23.762145047990597,23.903351647802285,23.45619367433454,23.879817962646484,5105500
2015-09-30,24.107318601504346,24.138698843265956,23.93473176069234,24.036714553833008,4341100
2015-10-01,24.09947504431831,24.279908453117905,23.801370210449527,24.060251235961914,3609200
2015-10-02,23.762148525460287,24.36620330810547,23.605250285429648,24.36620330810547,4147700
2015-10-05,24.53879123950504,24.656464169310674,24.35051425255753,24.625083923339844,3714700
2015-10-06,24.554477284427144,24.86827372597147,24.483873234708902,24.578012466430664,3636700
2015-10-07,24.703532894152826,24.821205823254324,24.601550087942854,24.805517196655273,2343000
2015-10-08,24.711374321519962,25.22913633045795,24.711374321519962,25.205602645874023,2510100
2015-10-09,25.182068965804152,25.33112363280112,25.08793122367992,25.1663818359375,3286800
2015-10-12,25.166383723951746,25.393883035103855,25.11146679495907,25.3154354095459,2071600
2015-10-13,25.244834644813935,25.417423034672165,25.11931663198581,25.174230575561523,2135100
2015-10-14,25.142844755937737,25.205605244745264,24.711376869432858,24.758445739746094,2357700
2015-10-15,24.95456477775605,25.1193080484816,24.75059770253463,24.97025489807129,4150400
2015-10-16,25.205602937203633,25.637070784208166,25.09577358813761,25.511552810668945,4036400
2015-10-19,25.456635915912955,25.67629159584752,25.378185321233328,25.637067794799805,2507900
2015-10-20,25.668456186987957,25.87242181278209,25.668456186987957,25.841041564941406,2021500
2015-10-21,25.88810371260622,25.97439787046171,25.613534112688015,25.637067794799805,2825000
2015-10-22,25.770439388390894,25.958717896620144,25.74690569708175,25.927337646484375,2486400
2015-10-23,26.029321963132944,26.084235904577856,25.84104345490369,25.927337646484375,2894700
2015-10-26,25.943025033593226,26.123456963953537,25.927334910181237,26.060699462890625,2174000
2015-10-27,25.88811353909398,26.029321670532227,25.833199598266365,26.029321670532227,3058800
2015-10-28,26.037158979199724,26.374489101833607,25.93517768079198,26.35879898071289,2301800
2015-10-29,26.3117367740502,26.633376838690566,26.288200091457355,26.39018440246582,2502500
2015-10-30,26.37449074861375,26.413714557572305,25.974403109100788,25.990093231201172,3852800
2015-11-02,26.099927015517434,26.413720550971945,25.997942695016615,26.382343292236328,3805500
2015-11-03,26.319577908875907,26.335268031626867,26.07638848769831,26.186216354370117,3109400
2015-11-04,26.201901272913407,26.28034887850207,25.98224259061336,26.005779266357422,2482100
2015-11-05,26.01362944210241,26.1156137493578,25.284055152862084,25.401729583740234,7335200
2015-11-06,24.93888387705217,25.236987277607934,24.570173416919314,25.111469268798828,7693200
2015-11-09,25.095779488156502,25.142848365226534,24.58586241373536,24.68784523010254,5092200
2015-11-10,24.69568906947241,24.90750125023819,24.507412074222568,24.672155380249023,5512500
2015-11-11,24.734917493804943,24.899659324286596,24.617243047697777,24.774141311645508,2602300
2015-11-12,24.640771312467145,24.734910543642528,24.34266649028101,24.35051155090332,3150200
2015-11-13,24.311286099883795,24.381890148762704,24.00533621893673,24.09947395324707,3243300
2015-11-16,23.848440016208215,24.272064345295426,23.63662785166461,24.264219284057617,3295000
2015-11-17,24.26421682340305,24.397579858336517,24.115163667585104,24.123008728027344,3105100
2015-11-18,24.075941087783992,24.672152245126785,23.87197399477522,24.63292694091797,4413800
2015-11-19,24.617236819234442,24.734911235568536,24.48387377750918,24.63292694091797,2343100
2015-11-20,24.71922736815162,24.97810845626046,24.656468361831077,24.774141311645508,2794400
2015-11-23,24.813359939159934,25.03301716348148,24.75060094596698,24.91534423828125,2719100
2015-11-24,24.71922057453249,24.946721348810318,24.695685392520716,24.8996524810791,2381700
2015-11-25,24.87612156757059,24.962415753462018,24.49956756852314,24.554481506347656,2188800
2015-11-27,24.538792764111477,24.546637826091604,24.37404945511403,24.41327476501465,1607900
2015-11-30,24.41327823589494,24.483880811168596,24.154397138915556,24.17793083190918,4894700
2015-12-01,24.083786684931905,24.452495574951172,24.075941623915444,24.452495574951172,4911000
2015-12-02,24.374043170190216,24.45249227347053,24.162231040221023,24.185766220092773,3480800
2015-12-03,24.217150707900746,24.256374518275138,23.777836250986834,23.840595245361328,4184800
2015-12-04,23.871973462479634,24.58585752394602,23.871973462479634,24.491718292236328,4293300
2015-12-07,24.45249845225566,24.53094757535891,24.21715257923848,24.33482551574707,2982900
2015-12-08,24.20930073196844,24.38188755738927,24.13869669059352,24.287748336791992,2835800
2015-12-09,24.17007731638203,24.444648443533065,23.926886430639012,24.052404403686523,3533000
2015-12-10,24.052407808776188,24.311288851872902,23.919044756496522,24.075942993164062,3011800
2015-12-11,23.769991468575338,23.966113515333525,23.652318539778918,23.762147903442383,2647300
2015-12-14,23.8013722255018,24.209306450630958,23.754303352230746,24.138702392578125,3641000
2015-12-15,24.311289792031257,24.468188034766317,24.05240873892318,24.279911041259766,4246400
2015-12-16,24.483872843238405,24.946720941194293,24.3583548671445,24.923187255859375,4238400
2015-12-17,25.127152279055164,25.15068895644476,24.648615567081016,24.6956844329834,3716700
2015-12-18,24.585855300159405,24.617234043696218,24.185766220092773,24.185766220092773,5719400
2015-12-21,24.34267070348611,24.60939682564002,24.170082332508535,24.41327476501465,2526800
2015-12-22,24.57016580778607,25.072237687535882,24.444647837848617,24.97025489807129,3021100
2015-12-23,25.048706598674016,25.135000773056618,24.931033676701986,25.103620529174805,2397400
2015-12-24,25.017326354792203,25.252672198736263,24.931033676701986,25.103620529174805,869000
2015-12-28,25.009481836634397,25.087930951749225,24.87611878982691,25.072240829467773,1734200
2015-12-29,25.252669221407658,25.480171473850785,25.127151253263936,25.464481353759766,2703300
2015-12-30,25.3781937240836,25.550782096939482,25.354660034179688,25.354660034179688,1598800
2015-12-31,25.213446187818757,25.260516549529946,24.93887655929807,24.946720123291016,1460600
2016-01-04,24.632930515287814,24.656465701228186,24.138703580880616,24.41327476501465,3266700
2016-01-05,24.413272977596545,24.774136824506137,24.319133737020042,24.64077377319336,6043500
2016-01-06,24.34266961950563,24.515256486505326,24.209306564367342,24.36620330810547,4206300
2016-01-07,24.01318318762717,24.272064221990057,23.82490620775347,23.950424194335938,4892900
2016-01-08,24.060254572319632,24.09163332409746,23.566027635551272,23.5974063873291,4178000
2016-01-11,23.762144919880335,24.11516366194475,23.730764678118728,24.036714553833008,3519600
2016-01-12,24.201456193449932,24.25637011652595,23.64446891019563,24.107316970825195,3083700
2016-01-13,24.224994007896633,24.25637425288678,23.573868887275527,23.620939254760742,2794900
2016-01-14,23.699388367213466,24.00533978996611,23.613095680640825,23.707233428955078,4102800
2016-01-15,23.126708727942617,23.59740188514652,23.126708727942617,23.464038848876953,4173800
2016-01-19,23.401285584046807,23.5111134656135,23.118869321397973,23.377750396728516,4456500
2016-01-20,23.118864200756754,23.54248850090065,23.001191282814226,23.283607482910156,5852400
2016-01-21,23.354219489914385,23.53465145865378,23.11102701417745,23.181631088256836,4218700
2016-01-22,23.47972842790451,23.58171121973654,23.283606408287927,23.495418548583984,3037000
2016-01-25,23.487575951260855,23.534644821942862,23.11102049692753,23.14240074157715,3749200
2016-01-26,23.236545863340254,23.47973683578749,23.04826734035029,23.13456153869629,3800000
2016-01-27,24.052409475076658,24.115168474832995,23.47188835325743,23.832752227783203,5831800
2016-01-28,24.02102634008589,24.162232941551398,23.464039009629197,24.09947395324707,4399900
2016-01-29,24.27991101416643,24.60155106475111,24.17792670761468,24.515256881713867,6877600
2016-02-01,24.198740283830055,24.755868882492525,24.198740283830055,24.610530853271484,6982100
2016-02-02,24.521713670008793,24.755868179282242,24.38445015076073,24.61860466003418,5102900
2016-02-03,24.755869636861583,24.755869636861583,24.214890033862,24.56208610534668,5863300
2016-02-04,24.53785808655003,24.763939601885113,24.440967108588083,24.7558650970459,4987500
2016-02-05,24.75586802296837,24.990024070817828,24.618604504587022,24.788166046142578,3762200
2016-02-08,24.537860435831092,24.925429004948086,24.505563953436454,24.812387466430664,5718600
2016-02-09,24.60246081049701,25.280704043203535,24.586313335474355,24.933507919311523,7501200
2016-02-10,25.054621881847964,25.417965450156185,24.94965483274102,24.95772933959961,4266700
2016-02-11,24.55401227777975,24.772019334280923,24.376377753994344,24.408674240112305,5204000
2016-02-12,24.7154976765606,25.393740780305446,24.675125146543316,25.33721923828125,6632000
2016-02-16,25.59559981125932,25.6117472838432,25.248403739804775,25.555227279663086,5294100
2016-02-17,25.83782730273667,26.015463351077877,25.660192794449983,25.886274337768555,4908700
2016-02-18,25.88627093914538,25.934714887707994,25.660189425509177,25.797452926635742,3178500
2016-02-19,25.644045093273544,25.90242467315081,25.63597058702226,25.765159606933594,3188200
2016-02-22,25.967018053001066,26.063909049436916,25.7086400090993,25.862051010131836,2926700
2016-02-23,25.862047285159225,25.934716292046733,25.684412790575543,25.78130531311035,2888500
2016-02-24,25.57945132884555,25.757085851387245,25.393742299817234,25.71671485900879,3640900
2016-02-25,25.821679031684543,26.023537063276926,25.74901001710692,25.97509002685547,3029100
2016-02-26,26.12042725848154,26.12042725848154,25.732861759325274,25.926645278930664,3117600
2016-02-29,25.862051813862216,26.023538866346758,25.749011801155838,25.773235321044922,3707300
2016-03-01,25.967016240055077,26.32228525558878,25.878198216144398,26.298063278198242,3260200
2016-03-02,26.281914333606352,26.669481373388706,26.18502334368802,26.5887393951416,3732000
2016-03-03,26.62910910649769,27.081272171268427,26.62910910649769,27.04090118408203,7479000
2016-03-04,27.008600037622088,27.073192993625682,26.701775026306553,26.79866600036621,3659200
2016-03-07,26.67756038607206,26.95208745479482,26.65333532581665,26.91171646118164,3800100
2016-03-08,26.81481930187509,26.887488314079725,26.596812265261185,26.66948127746582,3916800
2016-03-09,26.80674633612303,26.89556435994081,26.596812265261185,26.66948127746582,1962800
2016-03-10,26.766382165225274,26.863273179475726,26.338440948741972,26.516077041625977,4260100
2016-03-11,26.74214651928124,26.822891565962674,26.50799358417656,26.814815521240234,5756100
2016-03-14,26.806751752522278,26.822900767398387,26.58066862436639,26.677562713623047,3522600
2016-03-15,26.524136211343766,26.895557219621985,26.491841276800265,26.8713321685791,3153200
2016-03-16,26.847116576115262,27.50921063323781,26.73407657808589,27.468839645385742,4386200
2016-03-17,27.517286157826174,27.88062812172376,27.27505407508261,27.824108123779297,3810900
2016-03-18,27.91292864470365,27.993670626114177,27.767590614077385,27.945226669311523,6531100
2016-03-21,27.856402040475327,28.23589603941505,27.824104023521215,28.203598022460938,3242800
2016-03-22,28.130934305961016,28.373163318378566,28.0824872714339,28.292421340942383,3645400
2016-03-23,28.25205729387646,28.478137350333817,28.19553419965236,28.39739227294922,3701300
2016-03-24,28.235901353329602,28.316643330801856,27.904854317518954,28.106712341308594,2504700
2016-03-28,28.09864040211355,28.3408694500411,28.066342374360687,28.28434944152832,2097500
2016-03-29,28.292430373476233,28.405470410019223,28.155165271881184,28.276281356811523,3320700
2016-03-30,28.39738945855388,28.470058480943095,28.14708744374284,28.28434944152832,2325500
2016-03-31,28.308574063568894,28.42161407884215,28.19553096818623,28.373167037963867,2877300
2016-04-01,28.357010001823262,28.663835013696033,28.227821009472915,28.647686004638672,2633400
2016-04-04,28.639624424993254,28.696144439107595,28.34894830662822,28.39739227294922,2747400
2016-04-05,28.316647671911586,28.397389661762066,27.977527618408203,27.977527618408203,4073700
2016-04-06,27.985597180812963,28.082488172868334,27.872557176730176,28.07441520690918,3518200
2016-04-07,27.977529915718353,27.993675850926653,27.67070478489524,27.78374481201172,3366000
2016-04-08,27.872553801411293,27.953295771661537,27.735288755855397,27.799884796142578,3791900
2016-04-11,27.856409943540697,27.993671934375246,27.64647893399689,27.678773880004883,1936700
2016-04-12,27.751445280988314,28.074419409667797,27.64648130726061,28.025972366333008,3670500
2016-04-13,28.130937453410006,28.219755486592675,27.767592354076065,28.066341400146484,3685500
2016-04-14,27.557658539426463,27.565731505208955,26.8309684146405,27.10549545288086,7797500
2016-04-15,27.06511588886937,27.081264895427,26.83095991394581,26.992446899414062,4164600
2016-04-18,26.944009000801472,27.226612091064453,26.8874889987707,27.226612091064453,3837900
2016-04-19,27.283141082786543,27.40425409271201,27.153952024133307,27.250843048095703,3383000
2016-04-20,27.266986259567556,27.347728248992397,26.871343119123132,27.000532150268555,2510100
2016-04-21,26.895564989743313,26.97630696959071,26.378805846349042,26.419179916381836,3470100
2016-04-22,26.427250969727694,26.685628982670927,26.427250969727694,26.604887008666992,2387100
2016-04-25,26.499920910324487,26.5725899215272,26.378804864950304,26.53221893310547,2309500
2016-04-26,26.572582683098975,26.61295366052357,26.338426701884934,26.44339370727539,3172600
2016-04-27,26.48377525242959,26.604891313140037,26.346513258393163,26.4757022857666,2062100
2016-04-28,26.273849487304688,26.475707575412233,26.16888241905797,26.273849487304688,2179900
2016-04-29,26.160808328410923,26.386888391756717,26.047765216628168,26.32229232788086,2336900
2016-05-02,26.346509408529045,26.790596432726513,26.346509408529045,26.701778411865234,2217400
2016-05-03,26.467627605187282,26.822899758884528,26.37880956676297,26.79060173034668,2812600
2016-05-04,26.645263326806248,26.726005316964894,26.411107243192884,26.50800132751465,3243100
2016-05-05,26.60489036628565,26.919788416794507,26.45147628416443,26.548370361328125,3484800
2016-05-06,26.43532974560084,26.693707785230984,26.168875659670835,26.61296272277832,3161400
2016-05-09,26.580660605668157,26.86326366058157,26.46762061574628,26.766372680664062,2024100
2016-05-10,26.871336962725547,27.137791010978198,26.7744459815922,27.129714965820312,2208300
2016-05-11,27.06512166547313,27.162012645390636,26.750223670659693,26.766372680664062,2469500
2016-05-12,26.887489473551938,27.121645531876528,26.79867144590405,27.097423553466797,2467500
2016-05-13,26.984373763337683,27.05704276062224,26.782515779781505,26.839038848876953,2339700
2016-05-16,26.81482471990551,26.879420779409948,26.645264683870828,26.677562713623047,4540000
2016-05-17,26.66140883791565,26.806746865193382,26.42725278506719,26.499921798706055,4758900
2016-05-18,26.386880419090325,26.386880419090325,25.829751856934124,26.144651412963867,10880600
2016-05-19,26.03161334244161,26.394955338473306,25.886275311985273,26.28999137878418,4692600
2016-05-20,26.427254203830742,26.71793027399133,26.362661232744642,26.629112243652344,3655600
2016-05-23,26.59681007730037,26.693704139008336,26.532217116270495,26.637184143066406,3021400
2016-05-24,26.806745146248495,27.299279198205625,26.70985416097937,27.04090118408203,2874800
2016-05-25,27.065130114630573,27.11357715976782,26.82290104916369,26.855195999145508,2651300
2016-05-26,26.822888776859536,26.91977974269373,26.782514717662707,26.847110748291016,3123300
2016-05-27,26.855183712065422,26.903630735036653,26.782514717662707,26.847110748291016,3646800
2016-05-31,26.919781614361515,27.00859962259661,26.74214559789133,26.887483596801758,6316600
2016-06-01,26.822900776740447,27.00860982771592,26.774453732095246,26.968238830566406,3077600
2016-06-02,26.59680939350489,26.87941244605767,26.42724941003844,26.78251838684082,2721900
2016-06-03,26.491850356370602,26.637188392006884,26.322287261388762,26.548370361328125,2866300
2016-06-06,26.53222178390333,26.67755982192484,26.411105725515636,26.459552764892578,1642700
2016-06-07,26.540295117865703,26.604891171262633,26.257695084527523,26.26576805114746,2811300
2016-06-08,26.201172778239204,26.53221982256979,26.160801788464074,26.499921798706055,2207800
2016-06-09,26.411102887731285,26.5725899215272,26.346509922278305,26.53221893310547,2159000
2016-06-10,26.362662201815482,26.580666182340327,26.289993181604082,26.37073516845703,3293200
2016-06-13,26.38688239409851,26.524144378470698,26.071984354553706,26.10428237915039,2665900
2016-06-14,26.088137563852854,26.152730543328644,25.86205443541346,25.91050148010254,2877000
2016-06-15,25.86205108840693,25.97509109794243,25.587525570971383,25.635971069335938,3325000
2016-06-16,25.49870687189662,25.805530406898615,25.337219828176885,25.789382934570312,2017900
2016-06-17,25.684415817260742,25.781308351213493,25.571375811028016,25.684415817260742,2605000
2016-06-20,25.88627641511851,26.055836431173585,25.692491339548933,25.71671485900879,2490100
2016-06-21,25.821681590369693,25.950870620185867,25.70864157429422,25.870128631591797,2011300
2016-06-22,25.805531005535155,26.031614104031128,25.805531005535155,25.862051010131836,1821300
2016-06-23,26.112358663869653,26.233474731445312,25.958947647702086,26.233474731445312,1904000
2016-06-24,25.393741583509975,25.853977659882425,25.256478057218665,25.579450607299805,5671400
2016-06-27,25.304920706707055,25.514853225646025,25.143433679814176,25.321069717407227,4101500
2016-06-28,25.434111812394686,25.8136043548584,25.296848290217678,25.8136043548584,2433600
2016-06-29,25.967010226280614,26.39494815498759,25.967010226280614,26.34650421142578,3572600
2016-06-30,26.386888366689952,27.048982620239258,26.322292302875457,27.048982620239258,3543400
2016-07-01,27.032820788230186,27.048969796527686,26.766369851592394,26.839038848876953,2364800
2016-07-05,26.621037322735415,26.79867029026195,26.548368310530776,26.66948127746582,1973400
2016-07-06,26.621037451881907,26.758299431095992,26.532219427633247,26.73407745361328,2196000
2016-07-07,26.73407880254511,26.935936838710376,26.701780777532463,26.75830078125,3533900
2016-07-08,27.000536400030526,27.242768566650213,26.7260092806235,27.202394485473633,3132200
2016-07-11,27.234686768276642,27.339653812976017,27.057050704956055,27.057050704956055,2318300
2016-07-12,27.11357715976782,27.242766200024136,26.830974016631725,26.855195999145508,3229500
2016-07-13,26.871340864780993,27.09742396040058,26.782522835799288,26.86326789855957,2963400
2016-07-14,27.16201780131278,27.3396538649712,26.84711974672507,27.016679763793945,4122400
2016-07-15,27.097428654366364,27.097428654366364,26.693712510958633,26.72600746154785,2295800
2016-07-18,26.64526608732985,26.71793511804514,26.483779010172555,26.516077041625977,2337800
2016-07-19,26.44339984817806,26.548366877944822,26.354581829153023,26.54029083251953,1889600
2016-07-20,26.55644702782107,26.677563101096194,26.48377799987793,26.48377799987793,1786600
2016-07-21,26.3788072944629,26.540294343131922,26.306141356676566,26.362661361694336,2621700
2016-07-22,26.435327429390323,26.70985445745749,26.427251383798065,26.701778411865234,1502900
2016-07-25,26.701784070784136,26.71793308528219,26.55644602041121,26.596817016601562,1831300
2016-07-26,26.59681275870752,26.693706830184045,26.28999077269244,26.354583740234375,2052900
2016-07-27,26.330370787434585,26.45148379812939,26.298072752538584,26.338443756103516,2333900
2016-07-28,26.306139784605197,26.451474731601817,26.27384176077969,26.354583740234375,2118000
2016-07-29,26.32228754888528,26.435330640144272,26.217323584308737,26.249618530273438,3175800
2016-08-01,26.24962341352232,26.33036849372841,26.193103397432985,26.24155044555664,2433100
2016-08-02,26.20925235475102,26.354590418686485,26.11236133883066,26.28192138671875,2891800
2016-08-03,26.3626606799838,26.71792971378136,26.28191561768264,26.65333366394043,4301900
2016-08-04,26.70985770499836,27.19431577573359,26.61296362676388,27.057050704956055,4148500
2016-08-05,27.250834409151786,27.549583435058594,27.178165394189683,27.549583435058594,2686200
2016-08-08,27.54957631848375,27.630321358755424,27.42846337823876,27.565725326538086,2004000
2016-08-09,27.42847185689621,27.68684990541839,27.355802838242514,27.533435821533203,2236000
2016-08-10,27.428470893773753,27.589954858347802,27.41232188129451,27.460765838623047,1823400
2016-08-11,27.533434980992556,27.606103997427812,27.404245960675347,27.525362014770508,1689600
2016-08-12,27.501139626926598,27.57380864228093,27.420394565361143,27.428470611572266,1193700
2016-08-15,27.428469130660066,27.50921110775696,27.32350209634691,27.339651107788086,1738200
2016-08-16,27.33964901840278,27.41231802427998,27.105492990564166,27.129714965820312,1837100
2016-08-17,26.693703452721746,27.048972429524127,26.645256423113317,26.78251838684082,3240400
2016-08-18,26.726006682821104,26.863271769237244,26.63719172115142,26.822900772094727,2277900
2016-08-19,26.72600170777639,26.74215071964919,26.540292691402815,26.580663681030273,2188100
2016-08-22,26.499923757652038,26.556443763537146,26.24961867436848,26.459552764892578,2051000
2016-08-23,26.362660415705573,26.403031406396856,26.023537317658676,26.10428237915039,3879700
2016-08-24,26.039688496003098,26.144655544619173,25.94279749426256,25.991241455078125,1778300
2016-08-25,25.99931533926574,26.249617329617173,25.88627533328649,26.10428237915039,2109700
2016-08-26,26.152731112480094,26.32229115241747,25.934724026799305,26.031618118286133,2029900
2016-08-29,26.063915350811246,26.281922455580595,26.063915350811246,26.273849487304688,1484300
2016-08-30,26.30614880131765,26.35459277355152,26.20118172796071,26.338443756103516,1438000
2016-08-31,26.33843533553019,26.467624353701474,26.128504336042784,26.28999137878418,2406300
2016-09-01,26.306139372014542,26.419179373521796,26.09620530055047,26.257692337036133,2299300
2016-09-02,26.322287266673843,26.43533035672085,26.088134280421052,26.217323303222656,2333500
2016-09-06,26.281915126804126,26.281915126804126,25.926646099642078,26.12042808532715,2519400
2016-09-07,26.128512328883833,26.14466134610895,25.870134213502123,26.096214294433594,2810200
2016-09-08,25.999316640802135,26.055836646621174,25.829755083290365,25.83782958984375,2009500
2016-09-09,25.611747284564704,25.619821790884178,25.224180221557617,25.224180221557617,3377600
2016-09-12,25.070765587722278,25.531003169166244,25.04654361084145,25.434110641479492,4242800
2016-09-13,25.167662809430055,25.264555355188236,25.01425025366909,25.070770263671875,4143100
2016-09-14,25.11113904409771,25.15151003376092,24.772017494741302,24.84468650817871,3981500
2016-09-15,24.78816933067014,25.256479948367495,24.6589803009643,25.10306739807129,4475000
2016-09-16,25.078840716906935,25.385665778831555,24.965800715173927,25.135360717773438,6606300
2016-09-19,25.143435781530908,25.23225380775165,24.901206760998313,25.11113929748535,2867900
2016-09-20,25.272626963894616,25.32107400419709,25.046546936035156,25.046546936035156,2013300
2016-09-21,25.119214769765104,25.19995675301215,24.933504204154907,25.183809280395508,3109900
2016-09-22,25.232250724420393,25.32914324482609,25.191879739283067,25.24839973449707,3087600
2016-09-23,25.11921565956416,25.248404685401233,25.11114115294251,25.151512145996094,3035400
2016-09-26,25.022323572540806,25.3049251491891,25.006174559005544,25.208032608032227,3006700
2016-09-27,25.21610504480527,25.458335607785354,25.13536152381191,25.377592086791992,3574600
2016-09-28,25.4018162362488,25.474485257348686,25.256479734103724,25.458337783813477,1763400
2016-09-29,25.417963048355656,25.482557557065974,25.135361495227553,25.232254028320312,2460400
2016-09-30,25.36144163072805,25.539076134756865,25.288772619976605,25.434110641479492,2790600
2016-10-03,25.313003743321122,25.36952375976629,24.998104088754545,25.143442153930664,2622400
2016-10-04,25.14344049515448,25.14344049515448,24.820467893878718,24.933507919311523,2753200
2016-10-05,25.054615218687708,25.28876969509562,25.054615218687708,25.216100692749023,2975400
2016-10-06,25.232253344575398,25.240327850452207,24.73164476059503,25.05461883544922,3911900
2016-10-07,25.054618852650933,25.555225896920476,25.038469840886233,25.385665893554688,3702100
2016-10-10,25.539075155789035,25.539075155789035,25.345291647898158,25.361440658569336,1734500
2016-10-11,25.2887762415729,25.417965270286693,25.04654719774821,25.127290725708008,2690500
2016-10-12,25.127287850309987,25.59559841082085,25.11113883855507,25.571374893188477,2422700
2016-10-13,26.01546420416599,26.322286195768662,25.9831661797523,26.22539520263672,4808200
2016-10-14,26.580660884937522,26.669478900840367,26.33843189254442,26.427249908447266,3957900
2016-10-17,26.41109986618967,26.44339788527562,26.136572864176358,26.20924186706543,2707000
2016-10-18,26.435330880622736,26.45955286034393,25.821680700071695,25.90242576599121,3743200
2016-10-19,25.92665105923026,26.03969108585518,25.821684000174386,26.031618118286133,3160200
2016-10-20,25.95894649202892,26.088135520973772,25.813606909397585,25.845903396606445,3100300
2016-10-21,25.635966978218235,25.805526965462235,25.579446982470234,25.74093246459961,3141000
2016-10-24,25.878197651441965,25.95894270783016,25.716712158829015,25.80552864074707,1939900
2016-10-25,25.773233462717112,25.805529946852545,25.644044446066264,25.73286247253418,1876100
2016-10-26,25.700563654757538,25.934718162686476,25.64404365422485,25.821678161621094,1412700
2016-10-27,25.8620508195214,25.918570823701515,25.555227279663086,25.555227279663086,1821100
2016-10-28,25.587522142008794,25.700562136395895,25.20802809218738,25.401811599731445,2512100
2016-10-31,25.498708269322496,25.514857282590413,25.337221216752656,25.442188262939453,2461900
2016-11-01,25.619817725934443,25.619817725934443,25.135358204014697,25.24839973449707,2252500
2016-11-02,25.183810733263456,25.3049252551758,25.07884368489931,25.127290725708008,2028600
2016-11-03,25.22417979005295,25.458335849148206,25.175734293019467,25.312997817993164,2647800
2016-11-04,25.312996623290534,25.329145634891038,25.022320574699545,25.119213104248047,2983500
2016-11-07,25.409892897267454,25.43411641970596,25.20803483044439,25.39374542236328,2053500
2016-11-08,25.385665628901396,25.878198162153787,25.288773099377845,25.821678161621094,2594300
2016-11-09,25.75708618739074,25.99931676498531,25.53100616303474,25.90242576599121,3747400
2016-11-10,26.007389607300865,26.669483744131867,25.942796634983097,26.645261764526367,4208200
2016-11-11,26.572586541413116,26.863262549249093,26.532215558126694,26.814815521240234,3030500
2016-11-14,26.879420788771693,27.105500836896674,26.750231749827467,26.968238830566406,3367300
2016-11-15,26.944010339781432,27.057050349460493,26.839046376570447,26.919788360595703,3129900
2016-11-16,26.766376460811255,26.86326745441243,26.168875326700846,26.28999137878418,5138600
2016-11-17,26.362659391962488,26.669481373388706,26.273841367825256,26.5887393951416,3390200
2016-11-18,26.580668002103508,26.830973106659005,26.540297005913157,26.596817016601562,2779100
2016-11-21,26.596817016601562,26.71793308528219,26.45955501353245,26.596817016601562,1790700
2016-11-22,26.669486946283907,26.97631207193379,26.58874495116484,26.855195999145508,2986400
2016-11-23,26.855195726394268,27.00860982771592,26.79867571436302,26.968238830566406,1933700
2016-11-25,26.976302216693274,27.04089825327743,26.919782224736416,27.00860023498535,702800
2016-11-28,26.86327534389653,27.073206405038658,26.86327534389653,26.98438835144043,2120900
2016-11-29,27.016675197601238,27.12164222475936,26.879413229871126,27.113569259643555,2439600
2016-11-30,27.129712568282976,27.21045761218237,26.86326162368618,26.887483596801758,5265600
2016-12-01,26.871348465464678,27.202395616147022,26.871348465464678,27.15395164489746,2490500
2016-12-02,27.153943046566457,27.210463048533867,26.992456006612816,27.081274032592773,1760000
2016-12-05,27.194309121029473,27.210458130116738,26.87133509950125,26.90363311767578,3038700
2016-12-06,26.919790160843714,27.121648214515275,26.911717193945016,27.000532150268555,7083100
2016-12-07,27.08127308494723,27.37194913067044,26.984379016300167,27.339651107788086,3773800
2016-12-08,27.380024868944968,27.614180938390113,27.250835844442353,27.493064880371094,2477500
2016-12-09,27.525363937567654,27.678774947376812,27.3396549003957,27.67070198059082,2830700
2016-12-12,27.68684850661737,27.993670498667825,27.638401469926126,27.880630493164062,3538100
2016-12-13,27.94523188508229,27.94523188508229,27.74337381377151,27.78374481201172,2446800
2016-12-14,27.78374008254142,28.558874205201757,27.751442057403274,28.332794189453125,8591600
2016-12-15,28.41353483470623,28.793028911942905,28.34894186757966,28.639617919921875,4447700
2016-12-16,28.712287423858935,28.946440398818407,28.639618409531067,28.841476440429688,7491700
2016-12-19,28.91414910488342,28.954520100137763,28.793033039010897,28.8172550201416,3218900
2016-12-20,28.857627868652344,28.95451886916544,28.80918082834111,28.857627868652344,1962300
2016-12-21,28.841471560524475,29.02718054791661,28.80109749708865,28.849544525146484,1897700
2016-12-22,28.833403580463365,28.92222161669073,28.712290596606508,28.76073455810547,2862500
2016-12-23,28.784962931303035,28.841482946295322,28.63154882194414,28.74458885192871,2689200
2016-12-27,28.76072651376142,28.889915508473713,28.671908502376354,28.849544525146484,1239700
2016-12-28,28.80917792375181,28.91414496045518,28.623468908112965,28.639617919921875,1366900
2016-12-29,28.663832553796528,28.744574512045602,28.52657060875144,28.671905517578125,1318100
2016-12-30,28.744587055739498,28.760736070458147,28.58310306877223,28.66384506225586,1561400
2017-01-03,28.857623837848276,28.889918780102136,28.44583175299493,28.688060760498047,2993300
2017-01-04,28.768806774349645,29.02718480163764,28.768806774349645,28.946439743041992,2915700
2017-01-05,29.011038771125676,29.027187784504296,28.704213677150594,28.938369750976562,2348800
2017-01-06,28.90607257704182,29.21289768006923,28.881850596313942,29.091781616210938,2147000
2017-01-09,29.051407437316243,29.051407437316243,28.841476440429688,28.841476440429688,1876300
2017-01-10,29.05140642080018,29.471271479991216,28.914144443044325,29.3259334564209,3641700
2017-01-11,29.253263137782866,29.543939171937918,29.245190172438054,29.44704818725586,3412000
2017-01-12,29.30978976742154,29.30978976742154,29.03526268194799,29.229047775268555,2388000
2017-01-13,29.325938726853625,29.471276776543977,29.245196734852126,29.269418716430664,1208200
2017-01-17,29.14829976453802,29.29363779984938,28.946441724395488,29.051408767700195,2367800
2017-01-18,29.164447763197447,29.414752833109407,29.027185779126118,29.350156784057617,2113400
2017-01-19,29.39860017968554,29.43897116528819,29.220964146903363,29.374378204345703,2310100
2017-01-20,29.382456405489197,29.59239049620806,29.366307392348567,29.503572463989258,2233700
2017-01-23,29.487420906608165,29.487420906608165,29.204817821194755,29.42282485961914,3011300
2017-01-24,29.487420100506558,29.600460099538115,29.29363504494606,29.560089111328125,2946500
2017-01-25,29.689285176503333,30.60975747889532,29.608540100787557,30.49671745300293,5169800
2017-01-26,30.577450907322266,30.722788922903284,30.464410913005658,30.7147159576416,2772900
2017-01-27,30.722789810935197,30.819680797420197,30.57745179115323,30.682418823242188,2140900
2017-01-30,30.65820270496553,30.65820270496553,30.206039548119122,30.2706356048584,3223100
2017-01-31,30.278707890463163,30.335227898783273,30.052627857182728,30.230260848999023,3354900
2017-02-01,30.296870621673236,30.63405065100279,30.214632814391397,30.379108428955078,3494600
2017-02-02,30.337991255365008,30.63405239793679,30.24752777989347,30.502470016479492,3522600
2017-02-03,30.765644047719878,30.831436826854695,30.420241368779223,30.535375595092773,4121300
2017-02-06,30.39556093061269,30.57648789690962,30.370890212361907,30.43667984008789,2124900
2017-02-07,30.51069855874244,30.560043137957713,30.247533743938426,30.46135711669922,2643400
2017-02-08,30.436678949881493,30.510694239640753,30.296874034320453,30.403785705566406,2070300
2017-02-09,30.40378816933981,30.724520071896595,30.329772873582712,30.69162368774414,2149400
2017-02-10,30.609388247632452,31.02058367003623,30.609388247632452,30.97123908996582,2575300
2017-02-13,31.020577491926158,31.04524820846185,30.79853163159049,30.92188835144043,2515300
2017-02-14,30.92189495419814,30.930120619580787,30.66695579643484,30.798538208007812,2320400
2017-02-15,31.04524192275849,31.612690248388994,31.04524192275849,31.571571350097656,4086900
2017-02-16,31.588023689447475,31.75250244140625,31.472889504227712,31.75250244140625,2445800
2017-02-17,31.68671192673223,31.744279023413426,31.546907016841175,31.719608306884766,1977000
2017-02-21,31.768954189375155,32.04856715787855,31.736057807863787,32.01567077636719,2315800
2017-02-22,31.859404977386607,31.94986528474671,31.69492627252852,31.94164276123047,2126800
2017-02-23,31.916975172752664,32.245929477447135,31.859408091001864,32.14724349975586,3470800
2017-02-24,31.990996468864232,32.237713028170305,31.925203713224608,32.11435317993164,1976300
2017-02-27,32.16369859681511,32.24593640636709,31.884085652298463,31.990997314453125,1663300
2017-02-28,31.900539607628026,32.2870611469913,31.875865750565584,32.22127151489258,4195000
2017-03-01,32.640692384895765,32.821619379547755,32.50088744333536,32.78872299194336,4113800
2017-03-02,32.75581757225474,32.84627789880124,32.591338832511155,32.6324577331543,2345100
2017-03-03,32.55844609087243,32.764043754205254,32.509101522290855,32.755821228027344,1859000
2017-03-06,32.56666107860171,32.67357271719513,32.40218549574495,32.41040802001953,2079700
2017-03-07,32.44330308325706,32.541989056425955,32.29527255491844,32.33639144897461,2215200
2017-03-08,32.43507927960143,32.451527465599945,32.27060369395776,32.32817077636719,2479000
2017-03-09,32.40219076515826,32.40219076515826,32.27060839517185,32.36106872558594,2696600
2017-03-10,32.51731872558594,32.54198943487244,32.35284001027795,32.51731872558594,3515900
2017-03-13,32.500875368793636,32.64068025841451,32.45153080571925,32.6324577331543,2786200
2017-03-14,32.56667124194004,32.796942776709336,32.50910414254062,32.6982536315918,2135100
2017-03-15,32.780497440358474,33.068332962420065,32.706482143660935,33.02721405029297,2558300
2017-03-16,32.99431864361779,33.15879743417295,32.88741009635313,32.92030334472656,2148100
2017-03-17,32.96141664018697,33.28214847113366,32.88740136095534,33.15056610107422,3869800
2017-03-20,33.397281348449724,33.4877448125521,32.87095188876789,33.0765495300293,6642600
2017-03-21,33.50419732997055,33.50419732997055,32.82161156693188,32.91207504272461,5255800
2017-03-22,33.0107645643578,33.10945057702984,32.61601737649787,32.73115158081055,2823300
2017-03-23,32.69003805828148,32.92853217062174,32.53378491769939,32.54200744628906,3769700
2017-03-24,32.59133516749024,32.780484598914924,32.361063702875725,32.50909423828125,2557900
2017-03-27,32.17192588288199,32.517331635881625,32.12258444471905,32.467987060546875,2048700
2017-03-28,32.39397120974984,32.82161477712395,32.35285229959636,32.77227020263672,4823500
2017-03-29,32.673585335222086,32.673585335222086,32.31173452115718,32.38574981689453,2758800
2017-03-30,32.36107538257416,32.55022801943812,32.31173394441121,32.467987060546875,2369500
2017-03-31,32.38575030089724,32.38575030089724,32.01567381667972,32.22127151489258,3413200
2017-04-03,32.27060789004703,32.377516407182405,32.01566567967653,32.30350112915039,3749500
2017-04-04,32.319956167182085,32.36107507765436,32.10613595042315,32.28705978393555,2876700
2017-04-05,32.44331406570406,32.54200007227935,32.245938915381906,32.27883529663086,2324900
2017-04-06,32.30350601398179,32.45153659243051,32.07323761958226,32.27883529663086,5279500
2017-04-07,32.15547699592031,32.44331564005906,32.122583750246754,32.31173324584961,3375700
2017-04-10,32.53378266636304,32.632468688471484,32.467989893509355,32.57490158081055,2023600
2017-04-11,32.451533988390544,32.50087855630438,32.262384517144525,32.492652893066406,2513500
2017-04-12,32.33639750542486,32.36929388169934,32.01566567967653,32.30350112915039,2459700
2017-04-13,32.31173324584961,32.49265707715527,32.1637026602175,32.31173324584961,2706800
2017-04-17,32.40219295072803,32.558446045260375,32.23771419285792,32.533775329589844,2713700
2017-04-18,32.23771911567203,32.56667354447338,31.75250843130607,32.08146286010742,7093900
2017-04-19,32.18014141914094,32.311723774781555,31.908751045973567,31.966318130493164,3923600
2017-04-20,32.01566097425613,32.50087147289314,31.949868231376904,32.41040802001953,2996400
2017-04-21,32.40219800896637,32.45153944801003,32.20482284127615,32.38574981689453,3248600
2017-04-24,32.8380581377332,32.87917704183758,32.467981726451164,32.65713119506836,1653600
2017-04-25,32.74759236724276,32.862726545520154,32.73114417932155,32.829830169677734,1961900
2017-04-26,32.78870981782974,33.07654838795982,32.75581658061365,32.879173278808594,1664600
2017-04-27,32.95319259653524,33.09300063625156,32.81338769399024,32.97786331176758,1991700
2017-04-28,32.98609136703471,32.98609136703471,32.640685642877365,32.66535949707031,1574200
2017-05-01,32.755822689679945,32.81338978700822,32.55844754371762,32.706478118896484,1840800
2017-05-02,32.73936546007435,32.788706880063124,32.311722042871345,32.41040802001953,2620600
2017-05-03,32.410418933064875,33.00254126967125,32.37752255054859,32.93674850463867,3249400
2017-05-04,33.04365611821355,33.20813487340908,32.83805845851195,33.19990921020508,2969900
2017-05-05,33.23279818143936,33.520633585997594,33.15878291495715,33.504188537597656,3556800
2017-05-08,33.51243221815329,33.668685373960095,33.2986119450928,33.37262725830078,2531300
2017-05-09,33.32326934497663,33.487748101574354,33.0847753047685,33.158790588378906,2667300
2017-05-10,33.0683286101025,33.372615421572235,33.01898717691286,33.33149337768555,2246000
2017-05-11,33.18345618650807,33.19990437334843,32.88739823489403,33.08477020263672,2190100
2017-05-12,32.97785926479874,33.14233799956294,32.82160619221676,32.879173278808594,1988900
2017-05-15,33.018982441449786,33.16701299413168,32.9285189773474,33.0765495300293,2128700
2017-05-16,33.10122777727226,33.158794878954645,32.94497466373032,32.99431610107422,2756600
2017-05-17,32.99430349310002,33.88248667195356,31.867629471483703,33.84959030151367,4289200
2017-05-18,34.03874845444794,34.252571779968,33.92361426555469,34.1867790222168,4466100
2017-05-19,34.21967967661403,34.32659135273197,33.75913972632825,33.80025863647461,4780500
2017-05-22,33.93183328228797,34.367702414381554,33.93183328228797,34.14565658569336,2875100
2017-05-23,34.16211133544246,34.25257481678514,34.02230328141151,34.17033386230469,3944200
2017-05-24,34.186766912564515,34.41703520878528,34.153870545341476,34.392364501953125,2230200
2017-05-25,34.48283824131503,34.82824078879848,34.40882296154412,34.762451171875,1905500
2017-05-26,34.803569007110966,34.90225499805491,34.647315926685465,34.7871208190918,2430900
2017-05-30,34.655535987953016,34.81179219443912,34.62263961425375,34.72132873535156,1496500
2017-05-31,34.75422349887898,34.918702237431184,34.68020822338904,34.8940315246582,4754900
2017-06-01,34.94338541306352,35.165428161621094,34.80357734997233,35.165428161621094,2359800
2017-06-02,35.19009862717501,35.47793411584434,35.107857675289814,35.428592681884766,2515500
2017-06-05,35.39569933018803,35.543729919077855,35.27233946038924,35.412147521972656,1911800
2017-06-06,35.288779932348085,35.576615382682206,35.2394353677889,35.329898834228516,2488600
2017-06-07,35.53549834491855,35.55194653396778,35.305229972571865,35.321678161621094,2042200
2017-06-08,35.32168403574312,35.46971462463294,35.19832416594433,35.412147521972656,3612800
2017-06-09,35.46148433205091,35.790441850467325,35.379246521032506,35.757545471191406,2433000
2017-06-12,35.72465243095861,35.93847577906593,35.519054747024796,35.922027587890625,2727500
2017-06-13,35.897356373350824,36.03716129065029,35.806892891723336,35.86445999145508,2686600
2017-06-14,35.79866471961991,36.61283286005527,35.74932328740478,36.522369384765625,3245600
2017-06-15,36.497689693765274,36.79375076293945,36.41544876501097,36.79375076293945,2363000
2017-06-16,36.81020473071617,36.908893869133934,36.621055254505904,36.867774963378906,3083900
2017-06-19,37.03224770975434,37.03224770975434,36.52236641622217,36.760860443115234,4931800
2017-06-20,36.777311620839036,36.85954943264521,36.48947300517459,36.522369384765625,1915100
2017-06-21,36.64573542127049,36.64573542127049,36.48125663274144,36.571720123291016,2748500
2017-06-22,36.40724309702071,36.53059984150949,36.17697466423729,36.259212493896484,2472200
2017-06-23,36.308552205268846,36.57993951649069,36.135847766667645,36.505924224853516,14861500
2017-06-26,36.56349192249214,36.736193226742245,36.44013519252996,36.64573287963867,2355300
2017-06-27,36.621048099369446,36.769078640902,36.514139592728775,36.70328903198242,2587700
2017-06-28,36.86777531424837,36.892446030501894,36.55526598062746,36.621055603027344,2294800
2017-06-29,36.76086219773468,36.79375857622207,36.17696559685461,36.30854797363281,2081600
2017-06-30,36.47303273331364,36.604615143071605,36.242764300530226,36.259212493896484,2449000
2017-07-03,36.35789499694139,36.85133133864093,36.35789499694139,36.44013595581055,1208200
2017-07-05,36.53882384636015,36.843107566878246,36.31677795176415,36.810211181640625,2891200
2017-07-06,36.80197544306897,36.884213239470064,36.497691831779925,36.53881072998047,4703300
2017-07-07,36.571730671004275,37.14740189112828,36.53883427637637,36.99937438964844,2192000
2017-07-10,36.81020086980748,37.098039454245004,36.81020086980748,37.00757598876953,3246100
2017-07-11,37.0322513360085,37.09804409628546,36.63750418586118,36.66217803955078,2248900
2017-07-12,36.736192179753765,36.96646371602952,36.596387262346745,36.89244842529297,2784200
2017-07-13,38.101356510762805,38.101356510762805,36.90066389756431,37.172054290771484,4589800
2017-07-14,37.07336665454157,37.52568081929428,37.007573906199625,37.484561920166016,2982200
2017-07-17,37.48456669037244,37.48456669037244,37.14738351796711,37.377655029296875,5069700
2017-07-18,37.213181819290874,37.780630313230816,37.204959292062085,37.28719711303711,4987600
2017-07-19,37.40232540120482,37.55857849121094,37.23784664809921,37.55857849121094,2349200
2017-07-20,37.55857489721845,38.26583127187507,37.459888909666894,38.22471237182617,3142000
2017-07-21,38.142474340918675,38.20826395316461,38.00266631699325,38.12602615356445,2876800
2017-07-24,38.17537818130993,38.55368032118505,38.1260367427141,38.471439361572266,1940500
2017-07-25,38.75103987688759,38.80038443677243,38.38918918257787,38.578338623046875,1766000
2017-07-26,38.627684045600375,38.652354757508355,38.15069603424016,38.24938201904297,2226600
2017-07-27,38.24116866237654,38.29051323519365,37.89576606417165,38.06024169921875,2915700
2017-07-28,38.10135538888387,38.882623895527196,38.10135538888387,38.833282470703125,3113000
2017-07-31,38.89907843845782,38.96487119853419,38.68525824255255,38.759273529052734,2744000
2017-08-01,38.866180419921875,38.882628609247554,38.66880842235639,38.866180419921875,2310400
2017-08-02,38.91552027019054,39.07999900633633,38.759267196296065,38.833282470703125,2492000
2017-08-03,38.841520436995275,39.21159695615224,38.726386217073596,39.154029846191406,3017200
2017-08-04,39.269155841300275,39.269155841300275,39.080006357164024,39.23625946044922,1817600
2017-08-07,39.25270990003174,39.26915809139974,39.088231123523464,39.203365325927734,1965100
2017-08-08,39.129342810750366,39.285595881619635,39.06355006269748,39.17868423461914,2378300
2017-08-09,39.15401644903331,39.50764465332031,39.13756826079076,39.50764465332031,2786200
2017-08-10,39.33494860300239,39.42540894458547,39.10467707421654,39.23625946044922,2485500
2017-08-11,39.22803153690152,39.425403520510685,38.792162393519966,38.84150695800781,2943200
2017-08-14,39.07177544524325,39.31849513131523,38.9813151158108,39.28559875488281,1481000
2017-08-15,39.30205966983426,39.35962677864672,39.0471173756847,39.13758087158203,2158100
2017-08-16,39.433627897124296,40.25601845540772,39.18691135707348,40.05864334106445,3892300
2017-08-17,40.09977418395573,40.280701164556014,39.836609377903656,39.8941764831543,3891300
2017-08-18,39.828368729384835,40.21489323492824,39.72145709520188,39.99284744262695,3466100
2017-08-21,39.99285675171393,40.1079909366319,39.556987589590015,40.042198181152344,2615000
2017-08-22,40.058642121499055,40.28068794193602,39.95995613591737,40.20667266845703,2501000
2017-08-23,40.075092434034566,40.305360791661236,40.075092434034566,40.15733337402344,1721300
2017-08-24,40.24779783053227,40.24779783053227,39.67212687741816,39.68857192993164,2619000
2017-08-25,39.82837402035947,40.08331621661092,39.78725512087916,39.80370330810547,2406400
2017-08-28,39.0224370457215,39.269153613766385,38.635912435575975,38.90730285644531,6050100
2017-08-29,38.775724019048056,39.17869371831778,38.76749835496487,39.17047119140625,3208800
2017-08-30,39.145794132861795,39.2938247025286,38.158927851311596,38.29873275756836,5079100
2017-08-31,38.25760874673368,38.48787709674431,38.14247457172837,38.22471237182617,4557200
2017-09-01,38.25761040929818,38.38919277747544,37.533905815737704,37.55035400390625,6624400
2017-09-05,37.23785335648294,37.27897540504592,36.16874597445416,36.275657653808594,7658500
2017-09-06,36.349665585126665,37.45166912788292,36.28387283049228,36.95823287963867,5991400
2017-09-07,36.941782211026954,36.941782211026954,35.848004404612425,35.963138580322266,5818000
2017-09-08,35.856236287616085,37.42700253153623,35.856236287616085,37.344764709472656,7058900
2017-09-11,38.23295095091051,39.10468322027222,38.027353244035076,38.17538070678711,7352400
2017-09-12,38.07668194226633,38.339846668016285,37.79706902901063,38.30695343017578,4302700
2017-09-13,38.01911415077332,38.13424832401119,37.61614454444077,37.945098876953125,3098600
2017-09-14,37.90397946749751,37.90397946749751,37.36120184584338,37.88753128051758,3167800
2017-09-15,37.88754301438221,38.20005238944402,37.79707952656128,37.8464241027832,3690400
2017-09-18,37.96977782574789,38.10136335190209,37.747735093291716,38.08491516113281,3153100
2017-09-19,38.76749835496487,39.721471472456756,38.76749835496487,39.17047119140625,6611400
2017-09-20,39.2033611201537,39.4829740690691,39.0635562142817,39.22803497314453,5060800
2017-09-21,39.17869343148383,39.58166626497498,39.12935199603258,39.21158981323242,3923300
2017-09-22,39.15401410812509,39.4911941040105,38.99775789774855,39.45829772949219,3044100
2017-09-25,39.417183425265954,39.524095086329,39.154018672781,39.47475051879883,4710000
2017-09-26,39.40073922584716,39.713248577507294,39.31027574480042,39.35139465332031,2941600
2017-09-27,39.58166518504222,39.721470097901886,39.154021645493124,39.23625946044922,2857100
2017-09-28,39.21980684514514,39.54054181649949,39.121120850897526,39.52409362792969,4015000
2017-09-29,39.441849572281534,39.83659665528927,39.35961177309403,39.82014846801758,1974600
2017-10-02,39.79548593848787,40.45339787878135,39.77081522109299,40.321815490722656,3457100
2017-10-03,40.23134216472239,40.37937270720672,40.124433657394356,40.35470199584961,2542800
2017-10-04,40.305368292295796,40.543862356889484,40.24780119217617,40.43695068359375,3555400
2017-10-05,40.46983920166655,40.510958102737305,40.28891540952102,40.3382568359375,2757500
2017-10-06,40.37937803782716,40.634320258466154,40.247795664600545,40.527408599853516,1815200
2017-10-09,40.576749977238215,40.913929978204926,40.436941952013925,40.667213439941406,2292200
2017-10-10,40.65899608504693,40.81525232970452,40.42872768724202,40.6014289855957,2197500
2017-10-11,40.53564678448983,40.59321389448602,40.264256291217315,40.502750396728516,2336600
2017-10-12,40.560295957334645,40.63431122188773,40.050414766619305,40.09153366088867,3064800
2017-10-13,40.165557240606844,40.42872198301641,40.00107849230807,40.02574920654297,3216300
2017-10-16,40.025747036601636,40.395823415917896,40.025747036601636,40.28068923950195,3142500
2017-10-17,40.29713168547314,40.68365619737124,39.54053398415919,39.92705535888672,5517400
2017-10-18,40.18201602805885,40.280702048200276,39.38429592755455,39.54877471923828,4103900
2017-10-19,39.5076461601516,40.05042384417291,39.40895702693227,40.042198181152344,2502700
2017-10-20,40.27246620540877,40.313585105441916,39.902389830768506,40.223121643066406,3089700
2017-10-23,40.2806944070464,40.34648716610796,40.09976745679851,40.21490478515625,3002900
2017-10-24,40.28892224658668,40.52741316813759,40.16556238526908,40.321815490722656,3221400
2017-10-25,40.21490011556017,40.305360443008794,39.93528719635891,39.97640609741211,2827900
2017-10-26,40.19023019367016,40.50273951912929,40.025751436208964,40.420501708984375,2883100
2017-10-27,40.256023690984016,40.39582859823272,40.01752964514297,40.21490478515625,2683200
2017-10-30,40.124436370967466,40.38760110047698,40.01752471923828,40.01752471923828,2385100
2017-10-31,40.050426767918964,40.23957624797403,39.959963291116225,40.009307861328125,2690000
2017-11-01,40.1737826325222,40.239575391404216,40.04220025192957,40.13266372680664,1873500
2017-11-02,40.19846519319659,41.234676272673795,40.1655688066298,40.552093505859375,3538300
2017-11-03,40.445180749663834,41.34158686830997,40.42051002897651,41.24290084838867,3884800
2017-11-06,40.963281930156704,41.44849256904363,40.905714832082964,41.292236328125,3272600
2017-11-07,41.374479941946475,41.941928432534226,41.358031750414284,41.52251052856445,1831000
2017-11-08,41.4484892952453,41.71165404770257,41.34980016019535,41.57184600830078,1778800
2017-11-09,41.44026870991979,41.71988168581418,41.234671025796615,41.64586639404297,1939300
2017-11-10,41.514286053409684,41.82679542712982,41.26756944770298,41.736331939697266,1292300
2017-11-13,41.571851821713345,42.11462959170496,41.44849509140765,42.024166107177734,3418900
2017-11-14,41.77744448347463,42.3860149461543,41.71165486266058,42.17219161987305,2894800
2017-11-15,42.081728301632594,42.673850577002554,41.90080449084729,42.476478576660156,3130400
2017-11-16,42.764310884588134,42.83010363794504,42.295548497019226,42.410682678222656,2940100
2017-11-17,42.262658942225606,42.5011530058845,42.20509184233162,42.39424133300781,2240700
2017-11-20,42.476478511484316,42.68207617487548,42.394237563825016,42.61628341674805,2015200
2017-11-21,42.7643098769773,42.97813004600691,42.558712233337985,42.65739822387695,4230000
2017-11-22,42.66562697814133,42.66562697814133,42.33666946961257,42.50114822387695,2078700
2017-11-24,42.649190173409764,42.723205475727184,42.443592459991606,42.64096450805664,1726300
2017-11-27,42.706742348572206,42.96168455344493,42.649175259918856,42.821876525878906,2086800
2017-11-28,42.80542842483249,43.438669538473526,42.78075771169422,43.4057731628418,3747800
2017-11-29,43.52091711979306,43.825203957005044,43.09327668917143,43.134395599365234,3706100
2017-11-30,43.372882836809346,44.17059960783248,43.1837302328111,43.73473358154297,5779000
2017-12-01,43.8580888464699,44.409089000448226,43.2166220942983,44.08013153076172,3301900
2017-12-04,44.565350185566004,44.85318880823118,44.4419934648565,44.70515823364258,3373600
2017-12-05,44.82029035014491,45.025888012301536,44.52422921469195,44.61469268798828,3880700
2017-12-06,44.63113383838526,44.96008816365175,44.47488076917149,44.8942985534668,1935100
2017-12-07,44.83673095703125,45.099895669113025,44.738044974293295,44.83673095703125,1993200
2017-12-08,45.04233584171868,45.223262786865234,44.877857085873764,45.223262786865234,1609700
2017-12-11,45.132789611816406,45.22325306494219,44.779161460781424,45.132789611816406,2571600
2017-12-12,45.37951767068627,45.89762467403844,45.2561578146405,45.3548469543457,4154700
2017-12-13,45.42886979611041,46.24303494247291,45.35485449760728,45.938751220703125,3407800
2017-12-14,46.20191343028942,46.210135957584114,45.231492076581745,45.34662628173828,3069100
2017-12-15,45.5028746504418,45.889396109754564,45.39596299110491,45.60978317260742,5616800
2017-12-18,45.650900839763906,45.872946678293125,45.31372081914647,45.39596176147461,2511200
2017-12-19,45.65090447518769,45.979861996354536,45.48642885177569,45.88117599487305,2613700
2017-12-20,46.00453034265282,46.28414328008982,45.881173631448156,46.19367980957031,2691200
2017-12-21,46.473289400416895,47.024292709734105,45.76603615046159,45.8893928527832,2610800
2017-12-22,46.01275735183283,46.20190682428401,45.757815121744024,46.127891540527344,1714800
2017-12-26,46.07854601852437,46.300591865198264,46.04565277755776,46.23480224609375,1235000
2017-12-27,46.3005928706864,46.62132472156789,46.23480325015317,46.349937438964844,1865600
2017-12-28,46.48974149356886,46.62954953254996,46.16900964854986,46.47329330444336,1314700
2017-12-29,46.481522069503434,46.580208073670875,46.31704330444336,46.31704330444336,1375200
2018-01-02,46.43217437007117,46.43217437007117,45.289051892547114,45.52754592895508,2715500
2018-01-03,45.49465443240985,45.69202958579524,45.116355453690474,45.50288009643555,3247300
2018-01-04,45.58510762587581,45.88939124555046,45.31371724336557,45.49464416503906,2573300
2018-01-05,45.59332786968261,45.716687698682584,45.124565538955935,45.66734313964844,3264800
2018-01-08,45.733147949034965,45.90584924545542,45.49465388988009,45.80716323852539,3075600
2018-01-09,45.89762182037636,46.52263731379194,45.86472544251995,46.19367980957031,3823600
2018-01-10,46.10321976647967,46.21835395253073,45.593335318008876,45.79071044921875,3212700
2018-01-11,45.92229969025088,46.08677846798883,45.6426867092479,45.774269104003906,2087100
2018-01-12,45.905849667212124,46.13611806455497,45.535773216359964,46.00453567504883,2659800
2018-01-16,46.119675382108376,46.489748714816024,45.955196602476214,46.27592849731445,3800300
2018-01-17,46.448628998068344,47.20523011637652,46.2430313113893,47.06542205810547,3169500
2018-01-18,47.07363863587742,47.238114243734934,46.802248236004495,47.1147575378418,2042900
2018-01-19,47.29568083816045,47.57529376062687,47.15587594551279,47.41904067993164,3847600
2018-01-22,47.57529467246071,47.90425216537466,47.52595324454342,47.879581451416016,2632800
2018-01-23,47.83846173414971,47.90425449079474,46.325265977369575,46.91738510131836,4611300
2018-01-24,47.39437812720408,47.39437812720408,44.41732145857339,45.50288009643555,7594900
2018-01-25,45.807153479197545,45.89761694009811,45.29727222532366,45.85649490356445,4766600
2018-01-26,46.0374337273075,46.678897507280695,44.45021933163436,45.0916862487793,5802800
2018-01-29,45.03411335680413,45.108128645299466,43.66072239348912,43.69361877441406,7824800
2018-01-30,43.71006448156604,44.79561989304277,43.71006448156604,43.98967742919922,5233600
2018-01-31,44.26106842415578,44.82029436630543,43.997903643987904,44.491336822509766,6765400
2018-02-01,44.638308846778095,45.69652507647351,44.59631352027637,44.999446868896484,4502800
2018-02-02,44.98265114551638,45.730121851972385,44.6467077430717,44.713897705078125,3004400
2018-02-05,44.4787341291659,45.66292992635947,43.62208137318427,43.6304817199707,4452700
2018-02-06,43.202151608703964,44.60471150003923,42.65624763488078,44.40314483642578,5951100
2018-02-07,44.3275616390448,45.43617037699711,44.13439530480396,44.84827423095703,4334500
2018-02-08,44.90706487205724,44.940656649889014,42.86621619331444,42.89141082763672,5464800
2018-02-09,43.336530017700355,44.134393153309006,43.017387326491736,43.857242584228516,5109500
2018-02-12,44.02521088539084,44.33595963616241,43.22735095697105,43.99161911010742,2850800
2018-02-13,43.76485793095296,44.71389526790636,43.664076197230244,44.69709777832031,3078400
2018-02-14,45.159011503789685,47.3258361106066,44.99103983413266,47.283843994140625,6304600
2018-02-15,47.78777760857289,47.87176187420287,47.233473125549686,47.68699264526367,4209000
2018-02-16,47.52741793056946,48.316880865103776,47.52741793056946,48.165706634521484,3704700
2018-02-20,47.922145374828155,48.115311712611536,47.42663061136861,47.48542022705078,3807300
2018-02-21,47.64499875612013,48.79559981256714,47.52741950705472,48.01453399658203,3649100
2018-02-22,48.1069190438248,48.53524711649726,47.5946067078568,47.74578094482422,3358100
2018-02-23,47.86335446450079,48.51004021951259,47.80456164661512,48.468048095703125,1968600
2018-02-26,48.54363252238576,49.601851925256874,48.49324325811138,49.425479888916016,3290000
2018-02-27,49.38349197177645,49.769824648474206,49.15673065185547,49.15673065185547,4889100
2018-02-28,49.450682748670424,49.85381292278806,48.350471112532794,48.35887145996094,4031800
2018-03-01,48.501645191309805,49.21552093858212,48.106912161941395,48.535240173339844,3158200
2018-03-02,48.2076972441926,48.577232436185305,47.85495633946852,48.35887145996094,4006000
2018-03-05,48.14050701342317,49.50947209139357,47.8969482000566,49.37509536743164,3180000
2018-03-06,49.433877907766046,49.52626249297692,48.44284850898403,49.2323112487793,3362400
2018-03-07,48.87956892044632,49.2742986506549,48.85437108811463,49.064334869384766,2326400
2018-03-08,49.156733469208305,49.62705362679208,49.04755457853222,49.56826400756836,1455500
2018-03-09,49.86221670143746,50.71047249210064,49.69424497225516,50.70207214355469,1860700
2018-03-12,50.685258227936956,50.75244817935764,50.172949265423725,50.36611557006836,2553300
2018-03-13,50.441714569728326,50.97082114498647,50.357727110628154,50.39971923828125,3339800
2018-03-14,51.48312833291004,51.76028211479805,50.99601393355276,51.567115783691406,3348400
2018-03-15,51.69309439810308,51.827471121392726,51.06320290697154,51.718292236328125,3345400
2018-03-16,51.911452387585335,52.18860294467201,51.76027819143136,52.00383377075195,3086100
2018-03-19,52.00384133906866,52.5077564675164,51.56711937972538,51.961849212646484,2321700
2018-03-20,52.12142136150512,52.69252322498772,52.08782638040762,52.348182678222656,2611000
2018-03-21,52.39856788517524,52.66732130553934,51.844263555200094,52.07942199707031,2383700
2018-03-22,51.642707048787365,52.06263472515033,50.78605420455163,50.853240966796875,2713900
2018-03-23,50.81964061154765,51.231171100549105,50.06377279627471,50.122562408447266,3541500
2018-03-26,50.466905468865974,51.21437617864599,49.97978785353434,51.105194091796875,3699100
2018-03-27,51.30676757373207,51.59231854378099,50.33253541776412,50.634883880615234,3576000
2018-03-28,50.68527332714607,51.12199853010187,50.206555993939446,50.760860443115234,3403100
2018-03-29,51.03801705242215,51.6175161705865,50.76086321082549,51.172393798828125,3268600
2018-04-02,51.222776184424475,51.45793464333791,49.69423659010601,50.231746673583984,3481500
2018-04-03,50.45010817123601,51.197578883874726,50.265338977983745,50.97081756591797,3498700
2018-04-04,50.50050194863535,51.693094980799906,50.42491484069578,51.57551574707031,3841200
2018-04-05,51.777078796788686,52.04583222750688,51.27316371134686,51.44113540649414,2900400
2018-04-06,51.11359643527769,51.55871873965642,50.1393643703585,50.4249153137207,3661400
2018-04-09,50.72726268491921,51.14719034554339,50.29893467695801,50.391319274902344,2952800
2018-04-10,51.07160919767122,51.21438308112172,50.6600786325716,50.718868255615234,3033400
2018-04-11,50.35771766192705,50.6684663966004,50.23174130260491,50.38291549682617,2315000
2018-04-12,50.71886798576163,51.02961359216667,50.57609410307077,50.81125259399414,2155800
2018-04-13,51.16398329737609,51.21437576870164,50.32412799804587,50.45010757446289,2711900
2018-04-16,50.87844566725078,51.583921183036416,50.777660704600535,51.172393798828125,4648000
2018-04-17,51.60911597581764,52.726122013597774,51.23957754219286,52.30619430541992,5132100
2018-04-18,52.39856735290221,52.43216233105483,51.08839524288453,51.38234329223633,3973000
2018-04-19,51.38233940765845,51.85265945485792,51.11358601034253,51.34034729003906,2991800
2018-04-20,51.42432556665263,51.55870224974013,51.0631876301438,51.27315139770508,2886600
2018-04-23,51.65109777538724,51.726684875893206,51.19757517235145,51.41593933105469,2146600
2018-04-24,51.508326262375434,51.64270298007284,50.60967815826903,50.987613677978516,2820000
2018-04-25,51.06321157604018,51.205988670908894,50.35773285805105,50.64328384399414,3370000
2018-04-26,50.69366410991991,51.13038923046862,50.37451821340478,50.92042541503906,1601000
2018-04-27,50.83643902582967,51.2395691753989,50.752454779425356,51.21437454223633,1519200
2018-04-30,51.315164718236076,51.44114431235543,50.634883880615234,50.634883880615234,2506600
2018-05-01,50.66007836303079,50.83644723122331,50.32413491560242,50.81125259399414,1929300
2018-05-02,50.51730039045783,50.592887499819966,48.80399471411191,49.53466796875,3929200
2018-05-03,49.316305162200706,50.07217302404038,48.9047746478461,49.77822494506836,3764500
2018-05-04,49.57665736064929,50.483702622961765,49.24911430607881,50.231746673583984,2457300
2018-05-07,50.2569376955099,51.23956678860161,50.23174306352093,50.97921371459961,2675700
2018-05-08,50.83643747336463,51.466328913541965,50.79444535144485,51.36554718017578,2546500
2018-05-09,51.340360341058634,51.903061908545496,51.24797573653535,51.8946647644043,1600800
2018-05-10,51.987045084359124,52.583341586854395,51.77708125639934,52.38177490234375,2522700
2018-05-11,52.35658375666636,52.90249102725252,52.25580200959294,52.43217086791992,2073700
2018-05-14,52.47415743770126,52.56654203098105,51.75188138528866,51.83586883544922,3026600
2018-05-15,51.726695587331086,52.50776138636943,51.69310060152866,51.99544906616211,3991200
2018-05-16,52.15501948167937,52.322991203801145,51.2563744526911,51.743492126464844,3366700
2018-05-17,51.30676237354473,51.43274195489544,50.559291640474875,50.693668365478516,3644600
2018-05-18,50.80285854716027,51.26477841269368,50.626486464419514,51.172393798828125,4993500
2018-05-21,51.49152103059243,52.00382998718153,51.239561919471626,51.78546905517578,3327200
2018-05-22,51.90305514766423,52.74291041932156,51.75188094246242,52.06262969970703,3209000
2018-05-23,51.945040997380296,52.373368928323224,51.86105676187431,52.26418685913086,3086100
2018-05-24,52.27259655554474,52.60013961791992,51.91985565497576,52.60013961791992,2624200
2018-05-25,52.52455718048382,52.63373607511927,52.23060586991107,52.36498260498047,2078400
2018-05-29,52.10462265396068,52.14661477745489,51.49992582350435,51.82746887207031,2881000
2018-05-30,52.104620766934076,53.14603948856645,52.07942293071519,52.91088104248047,2260500
2018-05-31,52.83529900794742,52.83529900794742,52.062633637403955,52.1466178894043,6675300
2018-06-01,52.54135296279595,52.650531853878,52.03743781984089,52.43217086791992,2687100
2018-06-04,52.58333157986968,52.885679947199705,52.47414951304647,52.76810073852539,4704200
2018-06-05,52.72611665410566,53.37280564342037,52.62533491144958,52.902488708496094,3009600
2018-06-06,52.97807793208564,53.23843104466039,51.31516149098659,52.56654739379883,4162300
2018-06-07,52.600133365332724,52.759704703887444,52.00383372380001,52.583335876464844,3935500
2018-06-08,52.61692936785721,52.801695332597696,52.39856522253665,52.7765007019043,2320900
2018-06-11,52.852095313036024,53.0284641605551,52.34818340475472,52.69252395629883,1987300
2018-06-12,52.78489938294969,52.910878947675805,51.886254552364065,52.00383377075195,3707400
2018-06-13,52.28099395743904,54.39742655613657,52.19700970649481,52.507755279541016,4815500
2018-06-14,52.751310014903204,52.8856867283029,51.819070164033114,51.978641510009766,3327900
2018-06-15,51.94505074236409,52.39017624467319,51.533523425870975,52.37337875366211,4254100
2018-06-18,51.99544453839284,52.06263450414678,51.525124389496995,51.65110397338867,2181000
2018-06-19,51.239574204637925,52.27259911880692,51.231177060690754,52.037437438964844,5244700
2018-06-20,52.35656883580778,52.35656883580778,51.55030868140483,51.583900451660156,2579400
2018-06-21,51.43272591147907,51.676281446967586,51.14717505944402,51.27315139770508,1740900
2018-06-22,51.49992843810346,51.558718054738776,50.928826558965696,51.04640579223633,9044800
2018-06-25,51.10520113704349,51.34875997828577,50.47530957066845,50.54249954223633,4257000
2018-06-26,50.69366291821954,50.794444650194364,50.1729535652572,50.18135070800781,3434000
2018-06-27,50.47530162988084,50.517296957401136,49.28270865631769,49.30790328979492,3850800
2018-06-28,49.324705998552886,50.28214061750773,49.29951136241008,49.99658966064453,2824800
2018-06-29,50.12256291246262,50.31572924065679,49.66064315340754,49.67744064331055,3864800
2018-07-02,49.52626562573744,50.18974884516014,49.49267064648239,50.17295455932617,3414400
2018-07-03,50.27373553640043,50.55088610159807,49.80341544529129,49.82861328125,1198900
2018-07-05,50.046978524990706,50.198152738525806,49.48427379598921,49.60185623168945,2880100
2018-07-06,49.54306817628246,50.06377759275298,49.44228322822193,49.711036682128906,1985700
2018-07-09,49.99657927829438,50.17295130605044,49.80341296579331,50.030174255371094,2632600
2018-07-10,50.105767291072915,50.634877029471255,50.01338269505803,50.09737014770508,3386900
2018-07-11,49.87061230680066,50.139365766413555,49.69424024584711,49.744632720947266,3175900
2018-07-12,50.063774267242614,50.11416353413186,49.240716468850295,49.26591110229492,3730800
2018-07-13,49.24910647026709,49.349888193224515,48.96355558539338,49.08113479614258,3363000
2018-07-16,49.32469111152523,49.4590678033864,48.988750983768846,49.064334869384766,4640700
2018-07-17,49.551461998744614,50.584483618669985,49.34149817671604,49.88740539550781,6385700
2018-07-18,50.02178992361463,50.81125286433928,49.66065183703562,50.718868255615234,8770400
2018-07-19,50.33252680005241,50.500498495520795,49.862206693499665,49.97978591918945,5577200
2018-07-20,49.91260318235411,50.43331259682054,49.736234329617815,50.2485466003418,3081600
2018-07-23,50.22335167002056,50.31573627550697,49.70264222539923,50.0385856628418,3027700
2018-07-24,50.08897308652744,50.248547655128526,49.70264039038765,49.87900924682617,3128200
2018-07-25,49.82020658463053,50.12255494724984,49.67743274883425,49.98817825317383,3190900
2018-07-26,50.189743757508566,50.836432625543516,50.114156663743614,50.49209213256836,3260200
2018-07-27,50.83643936964639,51.18918025527615,50.15615863930716,50.282135009765625,2013000
2018-07-30,50.27373221239551,50.53408527100446,49.83700712891108,49.90419387817383,2181200
2018-07-31,50.11416828492864,50.45011171374135,49.71103809262977,50.39971923828125,4230500
2018-08-01,50.39971309692728,50.92042566851601,50.20654677022575,50.828041076660156,3367200
2018-08-02,50.735659965996064,51.886260862163105,50.7188624750703,51.802276611328125,4257700
2018-08-03,51.65109641094312,51.844262728512575,51.10518923239952,51.69308853149414,3862300
2018-08-06,51.684700277203966,51.82747415238919,51.44953859484892,51.592315673828125,2317800
2018-08-07,51.63430228678314,52.28938838069028,51.491528426846926,51.91985321044922,3744700
2018-08-08,51.82747734094418,52.08783367522168,51.625913833718,51.99544906616211,2091700
2018-08-09,52.02062873158477,52.82689213982174,51.936644495044355,52.52454376220703,2170200
2018-08-10,52.222206034787995,52.61693907537496,52.00384184918052,52.44056701660156,2446100
2018-08-13,52.39017835683098,52.86889565666835,52.01224280332939,52.037437438964844,2578500
2018-08-14,52.00384546030178,52.53295526577528,51.90306370814297,52.31459426879883,5674900
2018-08-15,52.37337694261236,53.91031367714453,52.05423103202539,53.80112838745117,3433800
2018-08-16,54.16226034646441,54.85934170405089,53.51557465830909,54.63258361816406,4532400
2018-08-17,54.59899405618242,55.78318668008229,54.59059370917963,55.66560745239258,5710900
2018-08-20,55.883961453238506,56.287088329800554,55.79157687577925,56.186309814453125,4511100
2018-08-21,56.135936574735474,56.799423165366626,56.08554729693193,56.45508575439453,4178500
2018-08-22,56.33749321661245,56.54745703473556,55.967954846287874,56.0351448059082,3542000
2018-08-23,56.08553839732266,56.24511296183102,56.00155414511373,56.11073303222656,1939200
2018-08-24,56.10233883145843,56.253513047766674,55.78318970392566,56.20311737060547,2092900
2018-08-27,56.30390875882384,56.572662239942325,56.16952881447039,56.488677978515625,1751100
2018-08-28,56.50546107351144,56.63144064448798,56.22830729888049,56.39628219604492,1836700
2018-08-29,56.6062496960533,57.00937666031134,56.43827478795614,56.8330078125,2298500
2018-08-30,56.86660862447928,56.86660862447928,56.245117419769116,56.4130859375,1948800
2018-08-31,56.4130713892728,56.76580903009397,56.19471365405202,56.71541976928711,2579000
2018-09-04,56.77421950840983,57.454506688644045,56.7154298911143,57.437705993652344,2068900
2018-09-05,57.4964897229609,57.90801700188673,57.45450080495699,57.773643493652344,2256900
2018-09-06,57.6896683054342,57.88283145526396,57.496498748016386,57.79884719848633,1778100
2018-09-07,57.74844716906856,57.95841097569649,57.5804722792141,57.8408317565918,2108000
2018-09-10,57.748476004149765,57.748476004149765,56.81623572462681,56.933815002441406,2471000
2018-09-11,56.44667097522934,57.34531584266086,56.102333652285516,57.10175704956055,2769100
2018-09-12,57.2277559331486,57.63928335326517,56.96740276640393,57.41252517700195,2870000
2018-09-13,57.69805632537088,57.82403590140453,57.1521555085374,57.731651306152344,2254600
2018-09-14,57.92482667889748,57.92482667889748,57.10176558580769,57.311729431152344,3930200
2018-09-17,57.42090527114024,57.681258346044665,57.135351156572526,57.55527877807617,1899200
2018-09-18,57.698060903278616,58.56311730996547,57.555287029319906,58.521121978759766,2379600
2018-09-19,58.52111080708616,59.30217640225627,58.49591617620756,58.68907928466797,3019100
2018-09-20,58.907450848115694,59.478552714417646,58.78987161748772,59.4449577331543,2293800
2018-09-21,59.79769636328305,59.8228974053166,59.32737943339173,59.394569396972656,4119400
2018-09-24,59.43656110293973,59.51215141740635,59.00823948211784,59.100624084472656,1649900
2018-09-25,58.983059709979514,59.83130922522852,58.85708009251407,59.79771423339844,3131100
2018-09-26,60.02446391980087,60.142043158211635,59.45336201569661,59.52894592285156,2836700
2018-09-27,59.46176531121439,59.84809802908576,58.93265230454785,59.058631896972656,1698800
2018-09-28,58.915859263519216,59.69692506398899,58.85706964015433,59.663330078125,2437700
2018-10-01,59.93207321523648,60.276410547641966,59.2685867759914,59.37776565551758,2337800
2018-10-02,59.495334005227136,59.70529778656843,59.251781657547006,59.59611892700195,2620200
2018-10-03,59.76410922107346,60.05805730929876,59.60453465564212,59.680118560791016,2438200
2018-10-04,59.71369895870516,59.88167383065553,59.23498178692243,59.72209930419922,2691700
2018-10-05,59.65491798574359,59.806092188576315,59.134211826331935,59.352569580078125,2220800
2018-10-08,59.4701456835679,59.873279005833886,59.15100300881463,59.65491485595703,2551500
2018-10-09,59.705311381693804,60.486377082438466,59.58773214997633,60.32680892944336,3643300
2018-10-10,59.285386782874404,59.62973055609403,57.51329786837134,57.5468864440918,6340800
2018-10-11,57.19412820879786,57.68124568060347,56.06872550592174,56.245094299316406,5592800
2018-10-12,56.673430106279284,57.03456808832941,55.26247315403538,56.15271759033203,4845600
2018-10-15,56.09393437612955,56.46347274617382,55.61521712747549,55.63201141357422,2893300
2018-10-16,57.19414382833572,59.07541787923434,57.068164253624744,59.01662826538086,5629900
2018-10-17,59.06702840975299,59.52055106848073,58.3951415655072,59.3189811706543,3182500
2018-10-18,59.15100879102415,61.074278188992,59.15100879102415,60.301612854003906,4935000
2018-10-19,59.6717205501293,59.87328402436379,59.02502839256214,59.251792907714844,4438100
2018-10-22,59.44495787367742,59.78090127951756,58.798272103694835,59.008235931396484,3509000
2018-10-23,58.193577606711195,58.78987413257391,57.681265333806024,58.319557189941406,4214700
2018-10-24,58.151579059495994,58.621902383698014,56.79101757712166,56.89179611206055,3564300
2018-10-25,57.21093707905799,58.4707198470922,57.01776756862135,57.916412353515625,2562200
2018-10-26,57.38731818479912,57.74845624526187,56.67344241158332,57.20254898071289,2597400
2018-10-29,57.899621366144146,58.74787053145841,57.185739297539705,57.8408317565918,2259400
2018-10-30,58.0591911469006,58.81506215369313,57.446100402426204,58.61349868774414,2701000
2018-10-31,58.924261048579055,59.28539273834826,58.49593297785509,58.53792190551758,3703300
2018-11-01,58.10117982543937,58.411928539232896,57.2865193006294,57.98360061645508,5145200
2018-11-02,58.470719617122874,58.86544616718178,57.06815660446209,57.42929458618164,3448500
2018-11-05,57.62246264272544,58.74786547372092,57.55527269256819,58.56310272216797,2218600
2018-11-06,58.4707137975308,58.90743562592667,58.319539624704184,58.60508728027344,2174400
2018-11-07,60.0076616236263,61.88894220319335,59.84809346580394,61.41022491455078,4782700
2018-11-08,61.09107719295849,61.821753664094345,61.08268325280793,61.69577407836914,2494900
2018-11-09,61.57819592097279,61.85534973291422,61.23385854870847,61.469017028808594,2344700
2018-11-12,61.46061486821723,61.67897905369325,60.276415747169246,60.38560104370117,1985500
2018-11-13,60.24281450127488,60.7047310028134,59.755696962122414,60.12522888183594,3227500
2018-11-14,58.22718225768292,58.36995615217627,54.330253323583584,54.422637939453125,8984700
2018-11-15,54.17905824232014,55.69079368790554,54.17905824232014,55.68239974975586,6524500
2018-11-16,55.43043668568227,56.13591189513153,55.19527828253251,55.71598434448242,3799100
2018-11-19,55.99315168402844,56.035147012341554,54.11187759369301,54.598995208740234,4328300
2018-11-20,53.893508794392,54.69137511074721,53.20482775924442,54.06987762451172,6430300
2018-11-21,54.0698705864034,54.33023003205016,53.47357421716329,53.49037170410156,3361500
2018-11-23,53.04525386190339,53.29720977904556,52.80169508702219,52.8688850402832,1350500
2018-11-26,53.288818871910806,53.48198520444792,52.90248620683658,53.10404968261719,3407000
2018-11-27,52.94447634017817,53.28041652178064,51.63430098168594,51.978641510009766,3947100
2018-11-28,52.188602170612526,53.960697174072266,52.188602170612526,53.960697174072266,4633200
2018-11-29,53.58276631430895,55.0357155667231,53.54917133414138,54.75016784667969,3903200
2018-11-30,54.66616974147875,55.7747847131427,54.61578048188908,55.67399978637695,5104800
2018-12-03,56.42988216124329,56.74062453517509,55.14490452044233,56.11073303222656,5428300
2018-12-04,56.08553638319755,56.169520632390466,54.103477345824885,54.27984619140625,4625900
2018-12-06,53.465186423072524,54.53180300168508,52.5161490697916,54.447818756103516,4231100
2018-12-07,54.22106459237095,54.918146138146376,52.98647928698393,53.26362991333008,3469600
2018-12-10,53.078855399744796,53.859917878296635,51.89465955938119,53.456790924072266,5100400
2018-12-11,54.498199604833125,54.84254328839793,52.8856792714027,53.305606842041016,4215300
2018-12-12,54.103476807607905,54.72497434214532,53.73394162952396,53.80112838745117,3924800
2018-12-13,53.75914132892117,54.011094082719445,52.541350462799876,53.036865234375,3194900
2018-12-14,52.432171546916514,52.77651212402106,51.87786712514349,52.0710334777832,3577100
2018-12-17,51.97864772220692,52.15501657891135,51.054808107646046,51.28996658325195,4626200
2018-12-18,51.55871582181629,52.003838101004405,50.777650144580825,51.298362731933594,3632100
2018-12-19,51.46633074190211,52.818498260792666,50.85323676947102,51.12199020385742,3961000
2018-12-20,50.618072040290905,51.04639677206,49.736224742794576,50.22333908081055,3566200
2018-12-21,50.08056590304931,51.61749923558353,49.74462254535566,49.90419387817383,7327000
2018-12-24,49.3582927228827,49.753025709965954,47.930538177490234,47.930538177490234,2232500
2018-12-26,48.00612573152141,49.87900254558038,47.62819023007599,49.82861328125,2956300
2018-12-27,49.18192218038856,50.56768135262394,48.694804621466766,50.55928421020508,3124800
2018-12-28,50.668472010530074,51.0548046813253,49.895803465145896,50.09737014770508,2690400
2018-12-31,50.45010811574588,50.67686943345322,50.12256505809985,50.66847229003906,2420600
2019-01-02,49.78662484830041,50.172960749813655,49.358300023227976,49.744632720947266,4153200
2019-01-03,49.51786769642231,49.979787470452116,48.79559162614594,48.9047737121582,3889200
2019-01-04,49.593453931968604,50.424912073678456,49.40028760089925,50.02178192138672,2717800
2019-01-07,49.887408409460996,50.91202974428337,49.71943670093137,50.4249153137207,3065300
2019-01-08,51.00442123413086,51.55032855964794,50.35773215139938,51.00442123413086,2822600
2019-01-09,51.63431327713324,52.13822847522234,51.39075442491322,51.48313903808594,4301700
2019-01-10,51.382339604427905,52.06262344612267,51.01280448265168,52.04582595825195,2039600
2019-01-11,51.709892013133356,51.91145870044864,51.09679801141534,51.802276611328125,1773900
2019-01-14,51.49153091506551,52.0374349517699,51.34035670089044,51.718292236328125,2112900
2019-01-15,51.62590123782346,52.23899516205875,51.60910374902057,52.09621810913086,1821200
2019-01-16,52.306186292026375,52.61693505520257,51.93665111880915,52.5749397277832,2555100
2019-01-17,52.348184243786946,53.17124208252833,52.28099427958251,53.120849609375,2939500
2019-01-18,53.414807679243076,54.271463864033336,52.961288151252454,54.10348892211914,3817600
2019-01-22,53.80953565495103,54.17907408435464,52.877295640837914,53.154449462890625,4355000
2019-01-23,52.82688966824949,54.77535333972377,52.61692588292862,54.582183837890625,5317600
2019-01-24,54.237866399534965,54.80896836079307,53.86832795178309,54.79216766357422,3964300
2019-01-25,55.25407947691872,55.27927411003034,54.447819179410466,54.842552185058594,3193300
2019-01-28,54.6241904768568,54.82575395840737,54.33863633770491,54.75856399536133,2943600
2019-01-29,54.783766611026095,55.31287316814187,54.758565568469194,55.270877838134766,4549700
2019-01-30,55.40524346679833,56.236698244103195,55.01051053393646,56.06032943725586,4128200
2019-01-31,55.951161109588845,56.57265222321154,55.82518153596048,56.51386260986328,5243800
2019-02-01,56.93612156663102,57.45959053604722,56.4475447597427,57.40724563598633,3895000
2019-02-04,57.232752354495986,57.61663271044313,56.84887865481802,57.607906341552734,2550200
2019-02-05,57.73005330592661,58.236076240048995,57.5642922219187,58.04413604736328,3134800
2019-02-06,58.009251483066464,59.03002397175871,57.78241906893158,58.951499938964844,3163300
2019-02-07,58.65486035754935,59.22194795725001,58.43674769419672,59.082359313964844,3058600
2019-02-08,58.7159511995871,59.64947344350966,58.637427153357564,59.6407470703125,2564100
2019-02-11,59.727953366416024,60.39101753174181,59.34407306181663,60.33867263793945,3861600
2019-02-12,60.68767454441403,61.089001107223204,60.417216930759665,60.46084213256836,4762700
2019-02-13,61.07156404089787,61.944014955767834,60.80110638729529,61.769527435302734,4510000
2019-02-14,61.34201261713503,62.01380344968604,60.9057872242525,61.69099426269531,5961800
2019-02-15,62.29298378739452,62.61578629921271,61.987627361510754,62.170841217041016,4789700
2019-02-19,62.13593405785934,62.86006966805818,62.09230886446616,62.65067672729492,3478300
2019-02-20,62.860083010092296,63.235237121582024,62.546000188553386,63.23523712158203,5379300
2019-02-21,63.23521600692232,63.41842981559848,62.668121843151845,62.91240692138672,4251000
2019-02-22,63.02582568700611,63.261391062339605,62.78154059871169,63.051998138427734,2749900
2019-02-25,63.27882928267732,63.6278107895697,62.90367532761501,63.45332336425781,2661000
2019-02-26,63.174181401506225,63.64529909365462,62.96478836469247,63.09565734863281,2847100
2019-02-27,62.95603115861344,63.67144030104,62.8775071524987,63.435874938964844,2499000
2019-02-28,63.51441412799142,64.05532930628314,63.32247390746056,63.60165786743164,3639400
2019-03-01,64.0727712691353,64.36940126458485,63.4097069796481,63.706336975097656,3265300
2019-03-04,63.75868401962489,64.29087935614247,62.86878078375949,63.435874938964844,2499600
2019-03-05,63.488248172503944,63.662742343816326,63.156719231418464,63.252689361572266,1723000
2019-03-06,63.32245909315357,63.53184535007824,62.66812121602851,62.737918853759766,2215000
2019-03-07,62.74665065550112,63.296298838197615,62.371496600752074,63.00838851928711,3048400
2019-03-08,62.57215433106926,63.19159342103565,62.55470159260855,63.051998138427734,2436600
2019-03-11,63.24393881338081,63.62781918725434,63.07817773433773,63.558021545410156,1901700
2019-03-12,63.68888526440237,64.32577704580473,63.62781399683795,64.19490814208984,3428400
2019-03-13,63.89831068759981,63.95066227493976,63.00841357809692,63.09565734863281,3829800
2019-03-14,63.0868990928958,63.69761849055791,62.77281635267407,63.566749572753906,2334400
2019-03-15,63.366110250543734,64.26474032241579,63.27014011331733,64.22111511230469,8243400
2019-03-18,64.16874706003023,64.29088961679649,63.61037918445006,63.741241455078125,4090200
2019-03-19,64.0204260680015,64.08149734702866,62.99966040871726,63.165428161621094,3381700
2019-03-20,63.19160776935382,63.48823782784446,62.72048356798256,62.82518005371094,2620500
2019-03-21,62.51980665750043,63.950624959474,62.44128265044611,63.802303314208984,2090700
2019-03-22,63.43587697159431,64.05531604654502,63.366079331982306,63.4969482421875,2576600
2019-03-25,63.51441588108461,63.77614710662943,63.261404370335036,63.444618225097656,1950600
2019-03-26,63.78487216726155,63.86338953643063,63.261403070655525,63.845943450927734,2304900
2019-03-27,63.74123128214647,64.02041517537954,63.11306585830479,63.435874938964844,2967200
2019-03-28,63.5405845603775,63.73252477479491,62.56343740346633,63.18287658691406,1820700
2019-03-29,63.5841952462398,63.61037435464782,62.82516750914791,62.89495849609375,4400400
2019-04-01,63.38353734789854,63.732518918748625,63.15669832840551,63.47950744628906,2483100
2019-04-02,63.48822894888456,63.619097873675,63.13925402447008,63.41843795776367,1538000
2019-04-03,63.67144265497365,63.80230490955443,62.807711837124685,63.71506118774414,2787400
2019-04-04,63.872344240038466,63.88108257792815,63.29573391649858,63.36562728881836,1453900
2019-04-05,63.48793654952435,63.82865840349756,63.23457807713936,63.51414489746094,1719500
2019-04-08,63.24329550972852,63.37434387149196,62.42206533038108,62.911312103271484,2221000
2019-04-09,62.579325790819716,62.87636920635459,62.36965239864019,62.49196243286133,1938000
2019-04-10,62.701633130390114,63.03362320792021,62.378388053296085,62.96372985839844,1717000
2019-04-11,63.19088792607001,63.32193630669488,62.43081265076379,62.70164108276367,2657300
2019-04-12,63.01617039631151,63.47047067480841,62.86765197139488,63.435523986816406,2086300
2019-04-15,63.42675932175629,63.7674810565051,63.016144240034286,63.129722595214844,2729400
2019-04-16,64.86826919003502,67.53289436164248,64.84206085480537,67.4979476928711,6385000
2019-04-17,67.48921331289212,67.567838323187,66.34473817151604,66.53694152832031,3274200
2019-04-18,66.5457022546744,66.80779906756244,65.45364330997225,65.5235366821289,3057100
2019-04-22,65.20026176313529,65.37499513169564,64.87701669574247,65.13910675048828,1931400
2019-04-23,65.21774157987298,66.24864517523923,64.96438318228162,66.12633514404297,2645200
2019-04-24,66.10885012509999,66.22242847215102,65.50603838044346,65.58466339111328,1927700
2019-04-25,65.5235197788525,66.26611833660007,65.13911299655616,66.0477066040039,2209600
2019-04-26,66.16127937379773,66.57188779740895,65.96033766403347,66.56315612792969,1791500
2019-04-29,66.78157858290301,67.5329155335469,66.74663190317567,67.3669204711914,2183000
2019-04-30,67.42808159449567,68.32793701634131,67.12230645096534,68.27552032470703,2568700
2019-05-01,68.23182744589603,68.65118092686437,67.08735204104528,67.19219207763672,3306000
2019-05-02,67.40185056771641,67.43679723884566,65.70697367762577,66.01274871826172,3902400
2019-05-03,66.31855142186927,66.39717645775711,64.59746564985582,65.02555084228516,4016100
2019-05-06,64.15188345692371,65.12163191799472,64.12567511993196,64.85953521728516,4413200
2019-05-07,64.44019673188274,64.73723347628692,63.452971476358265,63.59275817871094,3665900
2019-05-08,63.374366915123346,64.5101042441147,63.21711015690621,64.23053741455078,3971300
2019-05-09,63.846113828771806,63.977162190235916,63.41802207029593,63.645172119140625,2415600
2019-05-10,63.33939418056843,64.29166601092747,62.754052413353456,64.15188598632812,1851600
2019-05-13,63.147186220655904,63.45296125103126,62.56184449602369,63.37433624267578,3182600
2019-05-14,63.42677160498954,65.14785728148067,63.42677160498954,64.33536529541016,3011200
2019-05-15,64.80714116922745,67.9522693488116,64.50136602190925,67.70764923095703,5317100
2019-05-16,67.80372386599821,68.53758392649135,67.58531218150921,68.01339721679688,2772900
2019-05-17,67.50668101553764,68.54632277443153,67.29700766316596,67.89982604980469,2196800
2019-05-20,67.83869092177237,68.42403281241079,67.50670079572852,68.40656280517578,2238200
2019-05-21,68.7123268072247,70.19752380166425,68.7123268072247,69.9529037475586,3842300
2019-05-22,69.94417506173532,70.35479020865722,69.6646082948477,70.28489685058594,2467700
2019-05-23,69.87427796943547,69.96164132132324,69.25398284062037,69.63838958740234,2846300
2019-05-24,69.98787502408253,70.44216861777365,69.76072489453752,70.08397674560547,4398400
2019-05-28,70.18006444886213,70.76540633365497,69.21905409099077,69.44619750976562,3429400
2019-05-29,69.18408987344253,69.89174162446353,68.48516979103954,69.83932495117188,2663400
2019-05-30,70.01406860351562,70.25868869200946,69.70829349289832,70.01406860351562,1622900
2019-05-31,69.49862188334161,69.9441770566093,68.97442834825402,69.26273345947266,2245600
2019-06-03,69.26273184892075,69.94417543021193,68.8870633790554,69.74324035644531,2792700
2019-06-04,70.41595338886006,71.50801224000678,70.11017824361863,71.48180389404297,4058300
2019-06-05,71.53421433239538,73.01941823935621,71.4817976450501,72.80973815917969,3922200
2019-06-06,72.81848744216803,72.95827418329952,72.19819877554406,72.64376068115234,2602800
2019-06-07,72.81846312699429,73.64843162817662,72.54763473823402,72.6699447631836,2059700
2019-06-10,72.89709273861891,73.03687276370718,71.95355257403709,72.15448760986328,2111600
2019-06-11,72.73111177381806,73.00194020725581,71.9098814719132,72.13703155517578,2124200
2019-06-12,72.50395878075699,72.51269711660035,70.57319981400602,70.87897491455078,2914700
2019-06-13,71.04496481703552,71.63904496875817,70.774136414105,71.32453155517578,1801800
2019-06-14,71.14979444602302,71.78755284980313,70.81780441053589,71.60408782958984,1991900
2019-06-17,71.83997860787406,71.92734195395708,71.06242683116587,71.16726684570312,2082500
2019-06-18,71.42935639872255,71.49051140139818,70.8702230412895,71.0536880493164,1730700
2019-06-19,71.0973899304604,71.6215834588709,70.84403150250134,71.41190338134766,1696200
2019-06-20,71.68273125793586,71.96229800106244,71.01875774348638,71.52547454833984,2698000
2019-06-21,71.63903556914643,71.98849561231901,69.99658203125,69.99658203125,5146800
2019-06-24,70.37226336131481,70.75666348068668,70.1538516273137,70.20626831054688,2266900
2019-06-25,70.22373731765163,70.38973236605848,69.42872208320217,69.5073471069336,3015400
2019-06-26,69.80439417148621,70.24121765608199,68.58128708153852,68.659912109375,3561100
2019-06-27,69.07926997784638,69.7519752541043,68.76475651571603,69.62093353271484,2783500
2019-06-28,69.99659196761301,70.31110538457548,69.46366682583754,69.83059692382812,7799600
2019-07-01,70.71298713283755,71.45558571636204,69.96165021339472,71.42063903808594,2526000
2019-07-02,71.36823432539062,72.722383342412,71.36823432539062,72.19819641113281,2524000
2019-07-03,72.48682885073733,73.40526538931996,72.39935298408707,73.16909790039062,1678400
2019-07-05,73.1516124703549,73.6501942968932,72.836717982702,73.46650695800781,1875800
2019-07-08,73.33530527398254,73.60646851456781,73.00291958934616,73.14287567138672,2017800
2019-07-09,72.88920148764944,73.39653221365448,72.47808888807543,73.0204086303711,1962300
2019-07-10,73.14287311416224,73.55397907546836,72.42561490246443,72.97667694091797,2336800
2019-07-11,72.96790695859315,73.35277938619812,72.29438688375556,73.25656127929688,1557300
2019-07-12,73.5714821416939,73.83389646822688,72.8367260314857,73.81639862060547,1418400
2019-07-15,73.9038566233789,74.31496922493989,73.29156551901521,73.44901275634766,2158900
2019-07-16,73.66768465322984,73.82513188104957,73.19534296977062,73.58021545410156,3254200
2019-07-17,71.72583950454977,71.91827575146388,69.85397056843075,70.1513671875,6544100
2019-07-18,70.0201553117769,71.01731872558594,69.853959184985,71.01731872558594,3402900
2019-07-19,71.08729490356566,71.1572729273373,69.93268420522017,69.95893096923828,3127200
2019-07-22,70.00268803967745,71.43720468855838,69.93270999010421,70.86864471435547,3037500
2019-07-23,70.65869906748244,70.7899062083206,69.66153547466834,70.46626281738281,2887200
2019-07-24,70.46628093952049,70.93862276392872,69.56533524005586,70.86864471435547,2227900
2019-07-25,69.5478192123342,71.45467700423096,69.45160109692189,71.00857543945312,1951200
2019-07-26,70.95610822486448,71.49842133068962,70.59747578852065,71.46343231201172,1273200
2019-07-29,71.60340143245527,72.07574326045555,70.6849578768757,71.02609252929688,2015500
2019-07-30,70.7724182313688,71.20102201554357,70.48376384319137,70.59747314453125,1315400
2019-07-31,70.95611455058847,71.52466780274023,70.39630354878085,70.83365631103516,2453900
2019-08-01,70.85112863518688,71.06105603664497,69.95018325239616,70.08139038085938,2608000
2019-08-02,70.09013909717933,70.588720892574,69.50408809922763,69.7665023803711,1648800
2019-08-05,68.90055612351375,69.33790891683508,67.37857027132824,67.64972686767578,2660500
2019-08-06,67.78966834241604,69.60030824926812,67.49227171037421,69.58281707763672,2303500
2019-08-07,68.85679887276106,69.285402579957,67.54474098775715,68.63812255859375,2368100
2019-08-08,68.9792705681819,70.02017216274497,68.42820855113413,69.8277359008789,2641000
2019-08-09,69.83648083089936,70.9473605039585,69.64405123511979,70.50125885009766,2636400
2019-08-12,70.23885317582877,70.68494816866506,68.67312955550355,69.11922454833984,2081800
2019-08-13,68.73435101619306,69.99392223741941,68.58565270181126,69.50408935546875,3192600
2019-08-14,68.22700688502873,69.40785759257537,65.67286925455561,66.11022186279297,5660100
2019-08-15,66.32891345826106,67.58848472240356,65.72536458424163,67.3873062133789,2957300
2019-08-16,67.91212908529536,68.28825268732243,67.47477637007657,67.78092193603516,1894100
2019-08-19,68.86555832410403,68.86555832410403,68.11331115446492,68.14830017089844,1588700
2019-08-20,68.00836195723343,68.00836195723343,67.05493603466978,67.11616516113281,2824700
2019-08-21,67.75466493992658,67.93835223368215,67.36979251102662,67.61471557617188,1523900
2019-08-22,67.8421551488082,68.35823485415801,67.09865682270254,67.4135513305664,2328700
2019-08-23,67.3173303223103,68.20078469132918,65.31425405018429,65.73411560058594,2249400
2019-08-26,66.1539587451182,66.39013291079397,65.3229913881921,66.29391479492188,1844900
2019-08-27,66.6875232101622,66.88870834439228,65.56790161132812,65.56790161132812,2315100
2019-08-28,65.33173993546102,65.81282383859411,64.97310756499711,65.48043823242188,1621100
2019-08-29,65.84781322801236,66.54758013008723,65.47168968600468,66.29391479492188,3338800
2019-08-30,66.88873206497797,67.17738648770595,65.81284134093441,66.30268096923828,1897100
2019-09-03,65.6991238971069,66.66129851367788,65.5241854844477,66.14522552490234,2024300
2019-09-04,66.4601235179749,66.84498938085459,66.22394930758647,66.70503997802734,1441700
2019-09-05,67.44854634214711,67.87715019846165,66.76627707232738,66.94121551513672,3631100
2019-09-06,67.1161412648721,68.1045558611353,66.94994512072792,67.69344329833984,2509300
2019-09-09,68.2095404850498,68.2095404850498,67.08991179569047,67.1249008178711,1738300
2019-09-10,67.12488702316723,67.1423848673984,65.95278505162375,66.59131622314453,2869000
2019-09-11,66.54757292167035,66.87995849374252,66.13646041174336,66.7225112915039,1998000
2019-09-12,67.14239496314816,67.78092623068058,66.67005319996724,67.33483123779297,2226600
2019-09-13,64.29959641527682,64.64947991319652,62.25278229020383,63.57358932495117,13251900
2019-09-16,63.573580268778656,64.57949267945148,63.24993691144881,64.203369140625,3769100
2019-09-17,64.31709320268418,64.91189319903829,64.03718771460419,64.74569702148438,3753600
2019-09-18,64.91188024070634,65.78658555052338,64.29958919322317,65.76034545898438,3617900
2019-09-19,65.69911295378317,66.65253848886987,65.5329168180089,66.28516387939453,3503800
2019-09-20,66.39889705752456,67.01118823213446,65.80409705641497,66.48636627197266,5353300
2019-09-23,66.13647732170882,67.01993166423583,66.12772839893888,66.80999755859375,2906300
2019-09-24,67.07240478590036,67.63221566167485,66.43386696043805,66.96743774414062,4187400
2019-09-25,67.09863740837189,67.448520835149,66.22393217816477,67.2735824584961,2821000
2019-09-26,67.30860775072071,67.56227323018408,66.98497088002394,67.37858581542969,4262200
2019-09-27,67.60597734107122,67.75467564902313,66.84498128368499,67.43978118896484,4643700
2019-09-30,67.5884903189907,67.99960296730809,67.11615522674656,67.57099914550781,2892500
2019-10-01,67.86837374931073,68.07830780370882,66.2676682937198,66.41636657714844,2926900
2019-10-02,66.1102263111663,66.41637182283789,65.20928094533062,65.59414672851562,3552800
2019-10-03,65.65538401264944,66.08399445587361,65.27926043044663,65.94403839111328,2430700
2019-10-04,66.11921108895542,67.48556842427556,66.08417560011786,67.35418701171875,1958600
2019-10-07,67.21405143097996,67.25784746676462,66.27687373328547,66.35570526123047,2134000
2019-10-08,65.95280207103275,66.13673337902756,65.13824531714924,65.16452026367188,2994800
2019-10-09,65.69003859043457,65.84769495034506,65.32217597808884,65.69879913330078,2096600
2019-10-10,65.61996314549857,66.32065951570209,65.42727130957581,65.47982788085938,2910900
2019-10-11,65.98783600030333,66.64473644370483,65.83894017022651,65.88273620605469,3625800
2019-10-14,65.85647205746206,66.51337260859033,65.69005511282808,66.31192016601562,1358800
2019-10-15,66.45203904790131,66.53962442112478,65.44479054999225,65.66375732421875,3860000
2019-10-16,62.20407675244402,64.34995509649815,60.76765528342649,63.82443618774414,7426300
2019-10-17,64.41128110115511,64.68279782183328,62.396783667704476,62.598236083984375,6066500
2019-10-18,62.48436611648571,62.74712896319673,61.46836358603242,61.485877990722656,3871800
2019-10-21,61.7311224688622,61.78367236189536,58.62179127256427,61.31070327758789,4908600
2019-10-22,61.12677144664909,61.415809220531216,59.812970673369925,60.23338317871094,4382800
2019-10-23,60.27716811756716,60.66255174515208,59.506407544732376,59.909305572509766,3884700
2019-10-24,60.1107523091478,61.38076352146955,59.97061705812258,60.95158386230469,4214100
2019-10-25,61.012902550160035,61.1004879196112,60.48737696878237,60.69758987426758,1993100
2019-10-28,60.76765551434592,60.97786842451472,60.15455123219233,60.27717208862305,2213200
2019-10-29,60.04069661003103,61.23187648458074,60.04069661003103,61.12677001953125,2834400
2019-10-30,61.06545652854016,61.06545652854016,60.08448295086126,60.76765823364258,2780300
2019-10-31,60.58372698221371,61.09173151469868,60.391035146972115,61.047935485839844,2400200
2019-11-01,61.41579829429565,61.494623119147576,60.54868512691385,61.11800003051758,2268000
2019-11-04,61.50338733526572,61.59973324850922,60.21586166040769,60.27717208862305,3056700
2019-11-05,60.426080552869585,61.0041561534887,60.31222021441593,60.34725570678711,4110000
2019-11-06,60.44358859321844,62.2829081104906,60.35600322236462,62.12525177001953,3513200
2019-11-07,62.28292027852696,63.74561697278863,62.22160983871769,63.55292510986328,8525000
2019-11-08,63.395269297951735,64.84921214388132,63.395269297951735,64.52513885498047,5196900
2019-11-11,64.08719995970115,64.61271893125736,63.7631333797819,64.57769012451172,2722600
2019-11-12,64.55140303226676,65.22582444592165,64.42878217202691,65.2170639038086,4095000
2019-11-13,63.9032610533816,64.27988416329787,62.77339172363281,62.77339172363281,4783900
2019-11-14,62.624496140959,63.94705730114369,62.475600341307455,63.894500732421875,3657400
2019-11-15,64.06092187907721,64.25361371843152,63.51788184838197,63.85071563720703,3052100
2019-11-18,62.77338504607446,63.4740813051653,61.81869324245631,62.38800811767578,3977300
2019-11-19,62.83472319673148,63.088725535685576,62.15154771791453,62.677066802978516,3054600
2019-11-20,62.4318026352528,62.65076939908707,61.669802573804155,61.77490234375,3508000
2019-11-21,62.02891233765563,62.02891233765563,60.548694690943705,61.3895263671875,3681000
2019-11-22,61.4070522874734,62.186573590856355,61.22312097028226,62.03767776489258,2378800
2019-11-25,62.309202752817725,62.834721826421095,62.12527141117342,62.624515533447266,2746400
2019-11-26,62.53691365135969,63.99084959451036,62.344221815949595,63.88574981689453,6613900
2019-11-27,64.08718802727272,64.43753617052411,63.850706872920675,64.0609130859375,1954900
2019-11-29,64.04340424024642,64.28864595709145,63.7193310102237,63.982093811035156,1077400
2019-12-02,64.12222507525787,64.12222507525787,62.755874633789055,62.75587463378906,2583100
2019-12-03,62.265401011074395,62.50188891606143,61.696092631496114,61.88002395629883,2648600
2019-12-04,61.80117446217963,63.08870004386421,61.62600373205092,62.92228317260742,2932100
2019-12-05,63.08868346379906,63.51785631745984,62.83468129423113,63.447792053222656,3500600
2019-12-06,63.675550795287535,64.06969509438316,63.500380006136545,63.920799255371094,2932800
2019-12-09,63.92077800519275,64.39374031513366,63.666775767729646,64.236083984375,3257900
2019-12-10,64.3411831953467,64.61269980242773,63.710557943243685,63.80690383911133,3023100
2019-12-11,60.574986565664695,62.352996141618405,60.461119538295634,62.32672119140625,7804000
2019-12-12,62.326706769710434,64.0083700175435,62.19532536671253,63.66678237915039,3925800
2019-12-13,63.474104722593715,64.29742212842079,62.73837271088209,63.211341857910156,3289000
2019-12-16,62.5018781704703,62.78215538136468,61.68732148219352,62.27415084838867,4387800
2019-12-17,62.195324775640785,63.29015865299233,62.18656423356798,63.06243133544922,5011800
2019-12-18,63.28139661571629,63.47408844275098,62.388015133133806,62.44932556152344,2604600
2019-12-19,62.370506226153395,62.66830456671116,62.00264358399689,62.282920837402344,2985400
2019-12-20,63.377752884830564,64.42879088105418,62.53692115138434,62.85223388671875,5417800
2019-12-23,62.93980842688605,62.98360445348869,62.33545800791407,62.79091262817383,2831900
2019-12-24,62.93981733783145,63.079952614596245,62.729611081516055,62.948577880859375,778200
2019-12-26,62.8522217503429,62.939807119393244,62.58069841925093,62.82594680786133,1612900
2019-12-27,63.001125293663236,63.43029833242312,62.73836247186306,63.193817138671875,1570600
2019-12-30,63.25513464212846,63.36899498038754,62.939821893663584,63.34272003173828,1298600
2019-12-31,63.342715594828135,63.684303268015384,62.97485297483208,63.40402603149414,1724500
2020-01-02,64.74409410310648,65.12071722150857,64.16602529482398,65.10320281982422,2880700
2020-01-03,64.39374035672017,65.49733467274343,64.1835341430179,65.09443664550781,4155800
2020-01-06,64.71782814996105,66.3206667613375,64.66527825527217,66.27687072753906,5897200
2020-01-07,65.98761167137947,66.09608694043364,65.22830547754238,65.77066802978516,4867700
2020-01-08,65.91528755923541,66.85538576453195,65.87009470783015,66.15935516357422,4073700
2020-01-09,66.43958265748086,66.83731842041016,66.15936349533382,66.83731842041016,2199400
2020-01-10,66.89156901144781,67.00907874453304,66.39439918586451,66.6203842163086,3650700
2020-01-13,66.62038979269276,67.73223927001071,66.62038979269276,67.72319793701172,3795900
2020-01-14,67.63277623805794,67.7954856795494,66.90962163220404,67.1175308227539,3191400
2020-01-15,67.06331527946733,68.67232748333309,66.92772289112143,68.44634246826172,4078700
2020-01-16,68.52768303145108,68.67231672877348,67.73221838572061,68.19322967529297,3180900
2020-01-17,68.73557768277924,69.59431766500049,68.60902667269427,68.9706039428711,4265000
2020-01-21,68.73559871586761,69.35027819430624,68.5638479082625,69.088134765625,2686700
2020-01-22,69.22370821840556,69.75702936449498,68.83501384719123,68.84405517578125,2167300
2020-01-23,68.43727371546944,69.03387722654061,68.00338652242912,68.99771881103516,2190000
2020-01-24,69.16045195893733,69.47682958250678,68.96158405368942,69.37739562988281,1695100
2020-01-27,68.49151611328125,69.09716102506816,68.23841407086924,68.49151611328125,2490000
2020-01-28,68.7627064997007,69.3593101317294,68.59999704519414,69.106201171875,4003900
2020-01-29,72.49597466873345,73.43607295921328,70.76041177700787,73.04737854003906,5230300
2020-01-30,72.08015683540474,74.00555299951802,71.36604357459667,73.91515350341797,4016700
2020-01-31,73.69821763012936,74.38521387290987,72.76716065316465,72.93891143798828,6531300
2020-02-03,73.33665620321644,74.18636208524998,72.63158404430159,72.83045196533203,2745500
2020-02-04,73.49934076948107,73.78860122111331,72.85754435793807,73.14680480957031,2166900
2020-02-05,73.76149837949792,75.02701568603516,73.5535960535004,75.02701568603516,2184500
2020-02-06,75.05412832897339,75.72304191980888,74.78295049856047,75.08124542236328,2804900
2020-02-07,75.02699766472358,75.62360119744393,74.72869589836341,75.26202392578125,2211900
2020-02-10,75.28012168974671,75.7049745908932,75.20780483497394,75.56034088134766,1512300
2020-02-11,75.56935512151408,75.9851665426213,75.32529444479269,75.62359619140625,2709400
2020-02-12,75.75014552562432,75.77726261171709,74.23152663581881,75.24393463134766,2887700
2020-02-13,75.20778639280701,75.88574122289786,74.9004501801588,75.80438995361328,1689700
2020-02-14,75.80438825430598,76.01229053549258,75.3253012885569,75.72303009033203,1709100
2020-02-18,75.73208262595942,76.11173572331872,75.03605194746737,75.38858795166016,2720000
2020-02-19,73.87901146053392,75.29819683533928,73.21009096543048,73.59878540039062,4417500
2020-02-20,72.96600980495369,73.77051554342529,72.78521773666598,73.07447814941406,2835600
2020-02-21,72.87565002082341,73.8699827061679,72.5502310479448,73.63495635986328,2730500
2020-02-24,72.45078614124353,73.44511867632787,72.05305036860406,73.1920166015625,3660400
2020-02-25,73.15584213663169,73.24623472972598,71.93552488857677,72.31517791748047,4476300
2020-02-26,72.68581372777884,73.69822204460961,71.82706664873626,71.99881744384766,3293700
2020-02-27,71.53779840192763,72.23383594093144,68.90733705312462,68.95252990722656,3187800
2020-02-28,67.6870031781908,68.63614263476573,64.7672817693402,66.13223266601562,7029900
2020-03-02,66.52996412302699,71.32988887810922,66.52092279451664,71.30276489257812,4671600
2020-03-03,71.1310449734749,72.28808713780772,68.8892706076936,69.82032775878906,3930600
2020-03-04,70.53442577890961,73.39991346396232,70.32652347431706,73.26432800292969,3717100
2020-03-05,71.2123707259994,73.19200093880477,70.97734446550571,72.80330657958984,4157800
2020-03-06,70.44404644753317,73.2010662833059,70.16382724657483,72.78524780273438,4836100
2020-03-09,68.17514978715079,70.03727078506982,66.34919411154725,68.0576400756836,6472600
2020-03-10,69.8384132143079,70.50732694921197,67.43392926699448,70.4711685180664,4653600
2020-03-11,68.28363009325234,68.39210537864378,66.2045652839309,67.89493560791016,5388100
2020-03-12,63.06787457150878,66.30398059573298,61.585413903883435,62.932289123535156,7255100
2020-03-13,66.37630660714399,70.6338626748414,64.18877372163317,70.57058715820312,5919000
2020-03-16,61.034002276429305,67.84067364993557,60.19333812410063,65.98759460449219,5809900
2020-03-17,67.89491996334264,71.08582640247836,65.92433089348218,69.86550903320312,6868800
2020-03-18,66.24070296223735,67.51526130439498,62.19105679406836,65.21925354003906,4979200
2020-03-19,64.49610670773016,64.85768402585299,59.85889777510749,60.600128173828125,6030000
2020-03-20,60.74475917254742,64.96616379214947,58.92784491956119,61.72101593017578,6943400
2020-03-23,60.56398155555265,62.127800830185045,56.20699091950633,60.15721130371094,5880300
2020-03-24,63.429454254307785,64.98423181726668,60.672441995979725,62.40800476074219,5913100
2020-03-25,62.362809377189926,65.78874229432269,61.56734477845603,63.2305908203125,4536400
2020-03-26,64.05317937388226,69.24179226700747,63.3752244752565,68.5367202758789,4861700
2020-03-27,65.77970096702367,67.56046360520459,64.72209297972798,66.47573852539062,4481900
2020-03-30,67.0452158431705,69.44969911231553,66.09608315522927,68.86213684082031,4367600
2020-03-31,68.14801951387686,68.51863813428272,66.31302286253501,66.74691009521484,3865800
2020-04-01,64.50515580821158,66.07800940053802,63.926634788125654,65.40909576416016,4397300
2020-04-02,64.96616171925547,70.0914991884975,64.84864512097634,69.20563507080078,3836400
2020-04-03,68.90733073513468,69.37737637447647,67.72316496341378,68.64518737792969,2745600
2020-04-06,70.37400171041412,70.98949164789994,67.05216946065754,68.78096771240234,4435300
2020-04-07,70.491662672766,71.14335867897711,68.25599290924687,68.42796325683594,4581000
2020-04-08,68.88052449312622,71.09810141430796,67.5590329725691,70.42829895019531,4076300
2020-04-09,71.42395851660272,73.09845107951273,70.70890351723517,72.7635498046875,4811800
2020-04-13,72.41055128462283,72.41055128462283,69.57749095163095,69.7856674194336,2625300
2020-04-14,71.56876693234081,73.7229780033778,71.25197220213055,72.83595275878906,2912300
2020-04-15,67.26032935262126,72.48294273550748,65.7849672787319,71.73168182373047,3223800
2020-04-16,71.61402040762034,72.26570941105074,70.49165216178699,71.58686065673828,2877400
2020-04-17,73.34282556635638,75.04447769842139,71.74074538616237,74.67337036132812,3507700
2020-04-20,73.93116009313373,74.40182555497015,73.19800560053208,74.16649627685547,2881700
2020-04-21,72.44673042978447,74.69145281715247,72.20234104300133,73.54193878173828,4441800
2020-04-22,74.70958125265788,74.98111665529754,73.80444943264352,74.66432189941406,2323900
2020-04-23,74.88154783145434,74.88154783145434,73.48764419870561,73.8677978515625,2667700
2020-04-24,74.38372714924887,75.0987820571343,73.20705311741568,75.00827026367188,2439600
2020-04-27,75.12592777475776,75.39747003498142,74.43802577963592,75.0897216796875,5399600
2020-04-28,75.65996835104927,75.87720496801799,73.28852731347557,73.44239807128906,3264000
2020-04-29,74.00358807774911,74.00358807774911,71.79506397226216,72.22953033447266,4780300
2020-04-30,71.32439552464265,71.84936677133203,69.56843745242345,69.9666976928711,3852600
2020-05-01,69.1520566957336,69.8399586559932,68.34649011166371,68.95292663574219,2869100
2020-05-04,68.67233470899036,68.85335826076667,67.71289054887957,68.65422821044922,2928800
2020-05-05,68.81717292986066,71.13430823853226,68.81717292986066,70.63648986816406,2475800
2020-05-06,71.15240753772532,71.3243847803043,68.71760091640074,68.96199035644531,2548700
2020-05-07,69.69514027018015,70.1477061160904,67.15172242595865,67.82151794433594,3724900
2020-05-08,68.56371890420645,68.72664286891595,66.91637966352435,67.22412109375,4333800
2020-05-11,66.66295136369796,67.01595217571926,66.09271397073518,66.22848510742188,2808300
2020-05-12,66.40047139144315,66.5452888928695,64.80743744210646,65.34146881103516,3300800
2020-05-13,65.00655772924486,66.53623249583717,64.49063294193367,65.85738372802734,3968700
2020-05-14,65.41385551189256,66.84396504954192,65.0970608435793,66.74440002441406,4001800
2020-05-15,66.6267535677914,69.18827826593905,65.81213355178589,68.98009490966797,5593000
2020-05-18,69.98478574376209,70.44640486396159,68.45511089592104,69.3511962890625,3360500
2020-05-19,68.88051680427954,70.47355043307016,68.63613429859316,68.6723403930664,2610500
2020-05-20,69.1701747305081,69.46886990012818,67.56809438495964,67.78532409667969,2902900
2020-05-21,67.4504035619057,68.30122947277786,65.8121175813256,67.90296936035156,3899800
2020-05-22,68.02971470058284,68.55468593720379,67.22414098268888,67.63145446777344,2166000
2020-05-26,68.6995069370562,69.1158667481162,66.67201358149208,67.09741973876953,5212700
2020-05-27,68.17452824176758,69.98479187740197,67.04311346949606,69.2154312133789,4687900
2020-05-28,69.98479254570945,70.11151044896532,68.70856026131607,69.32404327392578,2613800
2020-05-29,69.48696517589192,70.4916620253047,69.19732327641485,70.31063842773438,4412400
2020-06-01,70.37399558636487,71.39679200726056,69.89427684996593,70.90802001953125,1749100
2020-06-02,71.1162082823585,71.75885105908957,70.86277247244854,71.57782745361328,2205200
2020-06-03,72.25666880010616,72.25666880010616,70.87181833631455,71.60497283935547,2288400
2020-06-04,71.13430284708994,71.4782573410072,70.21107147551754,71.32438659667969,2766400
2020-06-05,72.70924549183648,74.85440362531261,71.30628831725086,74.1031494140625,3838000
2020-06-08,73.79538994064063,73.94021433428811,72.8540520987535,73.77729034423828,3052300
2020-06-09,73.31567878307855,73.82255040190779,72.5915705513729,73.33377838134766,2468600
2020-06-10,73.14370499745539,74.0669433819997,72.35624468161205,72.66398620605469,2413800
2020-06-11,71.2972140453479,71.66832132099307,68.62707855194414,68.71759033203125,3302500
2020-06-12,70.06626087050674,70.84466791998263,67.88488976470887,69.33309936523438,2344300
2020-06-15,68.22883003958418,71.96702865300068,68.11116539601502,71.76789855957031,3258700
2020-06-16,73.48766108792745,73.85876157559264,71.42396146315188,72.79975891113281,3455000
2020-06-17,73.15275070470818,73.55101090054082,71.64118227868158,71.69548797607422,2714000
2020-06-18,71.42395575414034,73.90401502553895,71.13430694023494,73.19801330566406,2863500
2020-06-19,75.27078236359642,75.27078236359642,72.31099678060727,73.306640625,4534600
2020-06-22,72.89931232159775,73.96736806791952,72.66397613190453,73.15274810791016,1870000
2020-06-23,73.78633524085376,74.15744256308342,72.3924384602051,72.46484375,1786300
2020-06-24,71.85840927110009,72.12089830797082,69.85806892695467,69.95763397216797,3611600
2020-06-25,70.0662614175814,72.38339679651432,69.93049025587027,72.32003784179688,2242600
2020-06-26,71.66832253229177,72.67301919113375,70.0119299968381,70.50070190429688,3733400
2020-06-29,70.70887507659141,71.74072443137871,70.49163854513756,70.96231079101562,2806200
2020-06-30,71.05283872330546,72.86310213026864,70.9713801846834,72.51010131835938,2598000
2020-07-01,72.37434785147045,73.13466225893669,72.08470591186631,72.22953033447266,2970000
2020-07-02,72.85405357718193,72.85405357718193,71.32438559548004,71.71359252929688,2493800
2020-07-06,72.67423832592604,72.94611684142362,71.76796277893341,71.97640228271484,2312900
2020-07-07,71.68639027811284,71.82233298524179,70.43573258405979,70.70761108398438,2559700
2020-07-08,70.74387869076389,71.14264221000586,69.16696091409727,70.1185531616211,3326500
2020-07-09,70.12760731934365,70.6623135483853,69.02195683420324,70.49918365478516,2764700
2020-07-10,70.9341949771299,73.37207878767647,70.91607250569773,73.19082641601562,2313800
2020-07-13,73.33583157242722,73.69834325302965,72.2120515854614,72.80113220214844,2266400
2020-07-14,73.07301708434422,76.58937170107562,72.90988715970889,76.58030700683594,6820700
2020-07-15,77.03342685685465,78.38377557986124,76.4443463274354,77.84001159667969,3965200
2020-07-16,77.80376184595663,79.38067951411486,77.68594850262141,78.94567108154297,2652400
2020-07-17,79.17223977398207,79.5347514096916,78.29315130454513,79.41693115234375,2659000
2020-07-20,79.48036500866559,80.12382675028995,79.23567364619385,79.87006378173828,1825400
2020-07-21,79.79758182184787,81.01198799683628,79.79758182184787,80.52259826660156,1712600
2020-07-22,80.79447755814833,81.76419225081275,80.22351945949768,81.69168853759766,1789100
2020-07-23,81.53761595562237,82.21732264826433,80.06038231844008,80.33226776123047,1999900
2020-07-24,80.53164171353016,80.8125849067472,79.30817116789675,79.6253662109375,2204400
2020-07-27,79.60724927943946,80.02414216044752,78.66472869394616,79.11786651611328,2060100
2020-07-28,79.32628386372943,79.59816924674801,78.53782869877406,79.22659301757812,2470200
2020-07-29,78.85505362404744,80.89417402742723,78.85505362404744,80.5860366821289,1880500
2020-07-30,79.65255961991265,80.95759865863678,79.46224257915436,80.2235107421875,2119900
2020-07-31,79.65255261023995,81.93637072702407,79.65255261023995,81.8729248046875,4016500
2020-08-03,82.19919178102744,82.67952364320004,81.24760657710189,81.4651107788086,2134400
2020-08-04,81.18416363152822,81.99074830002877,81.0482209191704,81.79136657714844,2496900
2020-08-05,82.49827077359615,83.20516466967894,82.07232011458872,82.12670135498047,2073500
2020-08-06,82.19919420239727,82.81546188733148,80.57696696206139,81.21135711669922,2514600
2020-08-07,80.93947794590048,82.26263959553752,80.93947794590048,82.22639465332031,1735400
2020-08-10,82.46201645783637,82.5979591832582,81.30198477432737,81.6735610961914,2410700
2020-08-11,82.40766409794378,82.57985872366298,80.54073804184088,80.67667388916016,2468200
2020-08-12,81.59199300019009,81.99982117798001,80.40477415002583,80.66759490966797,2058900
2020-08-13,80.09662566808677,80.70383550394132,79.68880446153268,80.69477081298828,1994800
2020-08-14,80.65854245208754,81.16605466391786,80.29603076606503,80.63135528564453,1731200
2020-08-17,80.25070713413092,81.36542224994265,80.17820342670122,80.50446319580078,1709100
2020-08-18,80.62228392999853,81.52855961299896,80.56790960160562,81.32917785644531,1510200
2020-08-19,81.70982480067619,82.4892155831695,81.5195008088831,81.93639373779297,2728000
2020-08-20,81.81855298396597,82.51638900762654,81.64635842227482,82.32606506347656,1663200
2020-08-21,82.67046178894563,83.36829096244263,82.29888547203973,83.21422576904297,2085600
2020-08-24,83.37738037109375,83.68551084923598,82.86080339971585,83.37738037109375,2535000
2020-08-25,83.78517975624959,84.31082128440536,83.12360241420384,84.07518768310547,2443900
2020-08-26,83.44079167230862,84.04799464636204,82.94233734176693,83.53141784667969,1603500
2020-08-27,83.82143703193543,85.09928907981181,83.82143703193543,84.56458282470703,1407300
2020-08-28,84.89989471435547,85.02677273957437,84.39238261347988,84.89989471435547,1425600
2020-08-31,84.92708286234492,86.41337424447713,84.37425421132008,86.13243103027344,2169100
2020-09-01,85.9149267046467,86.3589997974314,84.35613161971477,85.07209014892578,2426200
2020-09-02,85.28959902935587,86.43150824493618,84.51020144412392,86.09618377685547,1774100
2020-09-03,86.63086957413265,87.18369816854656,83.97548906285465,84.54644012451172,2378000
2020-09-04,85.18083318303934,86.14148992464345,83.76704560111894,84.229248046875,2059500
2020-09-08,84.36518599415027,84.36518599415027,82.1357490141157,83.20515441894531,2398200
2020-09-09,83.68548765164591,86.467760450112,83.68548765164591,85.79711151123047,1826900
2020-09-10,85.61586616846121,86.63089052353067,85.32585822210781,85.50711059570312,1912000
2020-09-11,85.46178867374914,86.70338177449256,85.35303311662541,86.07805633544922,1494700
2020-09-14,86.7124565951996,87.52810608307033,86.43151334939648,87.23809814453125,1838700
2020-09-15,87.33777453668955,87.81809945701434,86.04180026376915,86.1686782836914,1764100
2020-09-16,86.90275924386071,87.22901898489897,86.14149112432713,86.1686782836914,1808200
2020-09-17,85.54334302120108,86.99338242357604,85.01770157711101,86.48587036132812,2322200
2020-09-18,86.20494265047887,88.37999868742132,86.04181275627474,87.7818603515625,3894600
2020-09-21,86.72151438819463,88.25311545065244,86.42244178071442,88.23499298095703,2740800
2020-09-22,87.64592117155684,88.64282304793302,84.71865456417035,85.57054901123047,2923100
2020-09-23,85.58868383919189,85.82431055531055,82.597971105565,82.6432876586914,2881300
2020-09-24,83.13268045842192,84.20208615689673,82.37140520669867,83.55862426757812,1810400
2020-09-25,82.76108049721206,84.12049378193258,82.65232494527434,83.92111206054688,1676800
2020-09-28,84.79114244253046,86.06899435016365,84.51019922071072,85.17178344726562,1826900
2020-09-29,85.30770680036318,85.88772254324644,84.81831722086798,85.32583618164062,1744700
2020-09-30,85.53429075102028,86.08711943381854,84.72770600024924,85.79711151123047,3119600
2020-10-01,86.16867692927087,86.49493666518089,84.02986617800892,84.70050811767578,2006300
2020-10-02,84.16582763276544,86.36807788348507,83.73987694299501,85.38023376464844,1586800
2020-10-05,86.2593060271319,87.07495539461202,85.44365665965178,86.98432922363281,1325200
2020-10-06,87.1839335110981,87.43795427431363,85.68701753181038,86.29486083984375,1971300
2020-10-07,86.41276961650918,88.00040580368913,86.41276961650918,87.46514892578125,2305500
2020-10-08,87.8099036591852,88.92578138740917,87.37443462178733,88.88042449951172,1393000
2020-10-09,88.94392960680932,90.63136087782974,88.61732955941532,90.61321258544922,1919500
2020-10-12,90.71300840605083,92.09198793691192,90.25033076854673,91.97404479980469,2081200
2020-10-13,91.94684129638321,92.58190011015458,90.68580473786064,90.967041015625,2206900
2020-10-14,91.2391977692782,92.53652382128153,90.32290280125041,90.40455627441406,2107800
2020-10-15,87.2202092307575,89.86929236853274,87.10227301571152,88.46310424804688,2740800
2020-10-16,89.07093113337676,89.07093113337676,87.24741553653799,87.56494140625,2815700
2020-10-19,88.4086729475394,88.72620579622476,86.62145360862806,86.89361572265625,1459900
2020-10-20,87.47422631569655,87.75546946533457,85.48741750576012,85.81401062011719,1934700
2020-10-21,86.04990446684138,86.89362021488479,84.6709316884552,84.91587829589844,2098500
2020-10-22,84.68907301388676,86.38557865641613,84.25361084055658,85.63258361816406,1918200
2020-10-23,85.78679434660475,86.34019957357832,85.56906329844072,85.84123229980469,1562600
2020-10-26,85.16988035833337,85.74143385283833,83.99049755232215,85.13359069824219,1699900
2020-10-27,85.20619027063863,86.00454913931252,84.87052294771581,85.09732818603516,1505400
2020-10-28,83.91791906243014,84.8160656635522,82.68409829330216,83.07420349121094,1978500
2020-10-29,83.02882423628455,83.4461517930386,81.72243131087855,82.61150360107422,2176700
2020-10-30,82.52988053728,83.54596344355114,81.7496700647957,83.37359619140625,2205600
2020-11-02,84.45318335043152,85.87752669160531,83.99050571279156,85.64164733886719,1913700
2020-11-03,85.89566996599733,87.2565012348366,85.42391817161317,85.70515441894531,2678700
2020-11-04,85.28784439047986,88.49033327193929,85.28784439047986,86.96620178222656,2979400
2020-11-05,87.8371091856184,88.94391956330131,87.1113298463541,88.26350402832031,2268500
2020-11-06,88.82599639892578,89.34311200454431,87.57402720102613,88.82599639892578,1976800
2020-11-09,90.55878557660822,91.03053737628737,81.98555125531179,82.00369262695312,5748500
2020-11-10,82.3937927591192,84.70720856717527,80.44326665528403,84.05400848388672,4402500
2020-11-11,84.55297001274393,85.44204938146119,83.54595443984317,84.11750793457031,2612700
2020-11-12,84.4531833181274,86.03175253791069,83.76370047430372,85.89566802978516,2740300
2020-11-13,86.18597521778786,87.05690634729795,85.7595803382105,86.78474426269531,2018900
2020-11-16,86.14968975252222,87.31093131510838,86.14968975252222,87.00247955322266,2291200
2020-11-17,86.27670819518998,86.76660832307239,85.05196133625715,86.12248229980469,2272600
2020-11-18,85.90474971948899,86.59423262385714,85.16989607970079,85.68701171875,1942000
2020-11-19,84.87957857061986,86.08618393470587,84.38061126745454,85.5237045288086,2129600
2020-11-20,85.73237133936094,86.2131972881026,84.22638138820052,84.49855041503906,2562200
2020-11-23,84.4894705660874,84.81607060763262,83.49152907094165,84.30802917480469,2491500
2020-11-24,82.62966984404666,83.01070090835678,79.3455281469543,80.40697479248047,5954700
2020-11-25,80.51585768346155,81.15998371434367,79.86265750522998,81.10555267333984,2250200
2020-11-27,80.64284558400225,81.16903523887166,79.1187145667717,80.22552490234375,1113500
2020-11-30,80.28904391451785,80.43420257049054,78.22058151772674,79.02800750732422,4022300
2020-12-01,79.69935331748896,80.93317427410899,79.49976361545541,80.8878173828125,3097900
2020-12-02,81.60451077535366,82.50266437930601,80.54306406691431,80.9240951538086,2524500
2020-12-03,80.38884888931477,81.01483355936774,79.63585384005489,80.10761260986328,3240600
2020-12-04,80.09852356088948,81.28698056874613,79.42718212118487,81.21440124511719,2229100
2020-12-07,82.11255016510499,82.84739674110587,81.14182426140145,81.87667083740234,3141800
2020-12-08,80.66100083448835,85.64164085283505,80.4704783845415,84.22637176513672,4211800
2020-12-09,83.7546366043003,85.21526286619853,83.57319518556801,84.91587829589844,2833500
2020-12-10,84.8886356740127,85.84122012210479,84.11749950827087,85.4601821899414,3402700
2020-12-11,85.13360933461236,86.24041998427509,85.13360933461236,85.63258361816406,1968100
2020-12-14,85.85031758202373,87.14764384119044,85.3604174294489,85.36949157714844,2608100
2020-12-15,85.83215640956979,87.73731861576154,85.73236157253424,87.71917724609375,2877000
2020-12-16,88.15466184975321,88.93487245410365,86.7666148438765,87.41981506347656,2446200
2020-12-17,87.69196059361185,89.4156744730468,87.20206056039366,87.37442779541016,3615400
2020-12-18,87.41982102725777,88.23632135745952,86.7847690601827,87.955078125,5330200
2020-12-21,87.85526199736351,88.97114666555362,86.80288943206025,88.85321044921875,2486000
2020-12-22,88.63547232840368,89.50641041622302,88.49032059479755,88.89856719970703,1751000
2020-12-23,89.52455094809753,89.67877682659126,88.29980422330482,88.46310424804688,3062700
2020-12-24,88.36330597464215,89.32495779327694,88.24536284262786,89.18887329101562,724700
2020-12-28,89.5608180933464,89.77854909774338,88.18183891522992,89.01648712158203,1338800
2020-12-29,89.35219169285574,89.76044528363431,88.52662420662894,88.62641906738281,1221700
2020-12-30,89.17072724666393,89.36124277122532,88.27258065329029,88.37237548828125,1477800
2020-12-31,88.74434932996738,89.76043924310666,88.22723368701843,89.70600128173828,1440200
2021-01-04,88.5266083148546,89.10722907962202,87.02969259381074,88.11835479736328,2485200
2021-01-05,88.39962142349987,88.57198871653605,86.37651543430816,87.955078125,2623200
2021-01-06,87.63752064026774,89.73320522141897,87.09318958964144,89.62433624267578,2833600
2021-01-07,89.95737965948305,90.70908699607311,89.52918807658745,90.1476821899414,2698300
2021-01-08,88.48251106807896,90.25235221629764,88.33978053814333,89.91931915283203,1685400
2021-01-11,89.64337917380719,90.51878248024418,89.31986340126264,90.48072052001953,1759700
2021-01-12,90.27139026926855,91.38467537800116,89.95738454334604,90.4616928100586,2090200
2021-01-13,90.47121412324739,90.8803711376924,89.84320264357869,90.32848358154297,2072300
2021-01-14,90.69006848457666,90.97552959050913,88.834593074748,88.92022705078125,1602300
2021-01-15,88.92020554281054,90.40459277120817,88.36832533618171,90.20477294921875,3053300
2021-01-19,90.39507754554793,92.44086233138867,89.68143219650413,91.52739715576172,3463300
2021-01-20,91.28952316276492,92.15540915184732,90.70909098191315,91.40370178222656,1474900
2021-01-21,91.48934194718811,91.95558824360378,89.69095611572266,89.69095611572266,1695300
2021-01-22,89.44357867954857,89.70048789217967,87.82598494768588,87.83549499511719,2688200
2021-01-25,87.7974244763671,89.05344027490962,86.9505657244486,87.94015502929688,3119600
2021-01-26,88.04480540270832,88.3302664495115,86.72218325436714,87.2740707397461,2595600
2021-01-27,86.38914961427562,86.90297513925543,82.50691715414553,82.8209228515625,4866900
2021-01-28,83.27764774886494,85.35197709610252,82.59255434189224,84.20063018798828,6292500
2021-01-29,83.90567883133559,84.75253755995303,82.51644982417017,82.96366882324219,4756500
2021-02-01,83.24910398270542,83.84857070209586,81.32702243407861,82.01212310791016,5151700
2021-02-02,82.72577539751956,83.9913010303339,82.35468037788264,82.54498291015625,3261200
2021-02-03,81.9930819035384,82.86848502318965,81.71713819547058,82.74478912353516,2726000
2021-02-04,82.73528742172661,83.9437310352603,82.12631059239087,83.86760711669922,3279900
2021-02-05,84.04838586324912,84.63832798667819,83.21103741516878,83.23007202148438,2216300
2021-02-08,83.65827574809197,83.75342702307648,81.73619385892789,81.99310302734375,3958300
2021-02-09,82.24999906065098,82.64963867223757,81.1938034731899,82.0882339477539,4551400
2021-02-10,82.58304338506544,82.75431856486553,80.91787084906643,81.38411712646484,3265300
2021-02-11,81.46024034444125,82.54498072069642,81.00350411569251,82.18340301513672,2475800
2021-02-12,81.83132484304114,82.42127421698454,81.5934430847765,82.0882339477539,2326900
2021-02-16,82.30709667248871,82.93510806233186,80.77513741377227,81.00350189208984,3846800
2021-02-17,80.95593640814414,82.24049668400144,80.95593640814414,82.06922149658203,3951900
2021-02-18,82.09776487030703,84.22918374526729,81.84085572297454,83.82954406738281,2921000
2021-02-19,84.16257270657377,84.4194890999726,82.82092321291935,82.83995056152344,2580700
2021-02-22,82.78286903295795,83.839064839317,82.2404988020906,83.53457641601562,2646900
2021-02-23,84.15306833488114,86.10369474942274,83.73439404160864,85.39956665039062,4797000
2021-02-24,85.39957913549236,86.58898831565243,83.47749709456781,83.48700714111328,3659500
2021-02-25,83.48698693408105,84.3433627884362,82.43079125697231,82.88752746582031,3552800
2021-02-26,83.36329870999768,83.42990532372427,81.35557573392649,81.78376007080078,4540100
2021-03-01,82.28808542174652,83.97228557562146,82.28808542174652,83.39185333251953,2193200
2021-03-02,83.51554284330435,84.91428905069685,83.09687579330054,84.40998077392578,2911500
2021-03-03,84.12453472158421,85.99903746345396,83.61070909228569,84.55271911621094,2788900
2021-03-04,84.38142917717113,84.97137863218155,82.55449876495166,82.77334594726562,3305400
2021-03-05,83.6868060379294,85.44713699103913,82.63061036989383,85.21876525878906,3341400
2021-03-08,85.1807109228407,88.11141641268736,84.3909488717859,86.60800170898438,3192800
2021-03-09,86.09416920486291,86.80781448015013,85.74210158894083,85.80870819091797,2919400
2021-03-10,86.04659773765484,88.35880892925285,85.75162665356821,87.74983215332031,2869700
2021-03-11,87.65468435735644,89.0439131360782,86.87443237863391,88.29220581054688,2998300
2021-03-12,88.81555944031776,88.9012006768713,88.0448246092238,88.53010559082031,1766800
2021-03-15,88.80603517355776,89.15809559085504,88.20656839240588,88.85360717773438,1869700
2021-03-16,88.29220582902158,89.00585119725528,87.5785604607879,88.8440933227539,1955000
2021-03-17,86.87442231401508,88.31122292840654,85.91337796365288,86.68411254882812,3543600
2021-03-18,86.96958834573836,87.0076503052437,85.64696610612796,85.9704818725586,2491900
2021-03-19,86.37961255990109,87.1503470413577,85.19020391094988,86.5318603515625,5568700
2021-03-22,85.89435977671815,86.83637696042314,85.43763077211266,85.76114654541016,1684100
2021-03-23,85.61841676103403,86.92200431969022,85.61841676103403,86.35108947753906,1936000
2021-03-24,86.46528253815838,89.32937429127173,85.87533303846315,88.00675201416016,3203700
2021-03-25,88.53959705535661,89.93833575476346,88.15898477420336,89.66239929199219,4315800
2021-03-26,89.76707941460181,90.8423098787944,89.2913157782906,90.63297271728516,2874900
2021-03-29,90.4236334987923,92.27911599394312,89.55774747538335,91.53691864013672,2410500
2021-03-30,91.37515550255006,91.69867852428379,90.21429116148873,90.91842651367188,2162200
2021-03-31,90.91841271410946,91.04210861741105,90.10009886869834,90.97550201416016,3383000
2021-04-01,90.82326798637723,91.19436301218191,90.15720185277306,90.91842651367188,2487900
2021-04-05,91.25144065608521,92.57406260393023,91.16579945119621,92.03169250488281,2139600
2021-04-06,92.19362535090258,92.26030089153961,90.69818199625297,90.89820861816406,2478400
2021-04-07,90.95537583911113,91.66024000561544,90.70772793237325,91.30780792236328,2146600
2021-04-08,91.14586416708278,91.60306580013577,89.72661623288717,90.4695816040039,2319500
2021-04-09,91.01252858966009,91.41258190350493,90.6029481206027,91.1363525390625,2197000
2021-04-12,91.25064338275543,91.88882461484262,90.88868420800993,91.85072326660156,2537600
2021-04-13,91.72689142898429,93.25090889182243,91.4982833592422,92.66987609863281,3404000
2021-04-14,92.59369107972309,93.01279868714617,92.32698888121381,92.56511688232422,2194900
2021-04-15,93.09852427625287,96.67044440789184,92.87945057774947,95.63220977783203,4481300
2021-04-16,95.49884381917634,95.8322215261868,93.99387329371315,94.07007598876953,4278400
2021-04-19,93.83195486162978,94.6415885711681,92.73656465832991,94.57491302490234,2000100
2021-04-20,94.67015650892755,95.78459368016621,94.489176923703,95.05116271972656,1606500
2021-04-21,95.60363332676856,96.49898967704716,95.25120126593222,96.40373992919922,2412900
2021-04-22,95.9465321628219,96.12750449215714,94.79398630537854,95.39407348632812,1621100
2021-04-23,95.4988417232336,96.20369846931301,95.19403821678665,95.97509765625,1788500
2021-04-26,96.03224652244366,96.24180029675185,95.01305911138107,95.11783599853516,2702400
2021-04-27,94.98449433911897,95.31787207354435,94.7082649971409,95.16547393798828,1480800
2021-04-28,95.61314799384203,95.82270178791924,94.69873738366928,95.59410095214844,1386800
2021-04-29,95.63221505551766,97.19433429792974,95.59411369995999,97.10860443115234,1724000
2021-04-30,96.9466603091179,97.38481491237722,95.88937151558969,95.95604705810547,2364300
2021-05-03,96.95618998492826,98.06110004208601,96.23227888514879,97.68962097167969,2182300
2021-05-04,97.45148452320248,98.27064529115795,97.23241086845198,98.2325439453125,3055700
2021-05-05,98.2420890068322,99.11839831975158,97.68011040411977,98.8707504272461,2297400
2021-05-06,99.5374959857815,99.8137253155918,98.8802604332298,99.25173950195312,2167400
2021-05-07,98.87073972514895,100.41380437715664,98.5373547410883,100.1852035522461,2158300
2021-05-10,100.5566949988398,102.06166575456828,100.50906649037,100.71862030029297,2265000
2021-05-11,102.3378869909232,102.3378869909232,99.77562750098998,100.08995819091797,3404300
2021-05-12,100.10899917821389,100.9567341873525,99.63274322849158,99.78514862060547,2683600
2021-05-13,99.44223947814635,101.73778927818351,99.11838166737888,101.01388549804688,2211000
2021-05-14,101.45205188287038,102.4807592867054,101.23297093241639,102.01403045654297,1573800
2021-05-17,102.01405226966338,102.42363279471607,101.36634370137287,101.49969482421875,1437100
2021-05-18,101.33774596998177,101.60444815374973,100.45190956412989,100.94721984863281,1787100
2021-05-19,100.34713822991834,100.68051597810613,94.8797213583689,96.2037124633789,5700900
2021-05-20,94.46062358361866,97.94682137150409,94.2986982700849,97.1943359375,3446100
2021-05-21,97.21337059801463,97.48007279035157,94.39393600216896,94.43203735351562,3469000
2021-05-24,94.5082407633004,95.34644869792916,92.56511543262079,92.83181762695312,3506400
2021-05-25,92.11741554811948,93.51760906053462,91.86976044468369,92.66034698486328,3001500
2021-05-26,93.56524757190694,94.31772558138614,92.79370798767965,93.7271728515625,3201600
2021-05-27,94.03197841936718,94.57490992605274,93.25091893137936,94.44155883789062,4817200
2021-05-28,94.97498082602685,95.30835860833561,94.33679946173714,94.3749008178711,2109000
2021-06-01,94.73683423438132,95.55599506299892,93.8414707084297,94.59395599365234,2071500
2021-06-02,94.85114038508965,95.87985502065793,93.679547505622,95.6988754272461,2447800
2021-06-03,95.47979115946839,96.33705332592321,95.21308898925781,95.21308898925781,2051900
2021-06-04,95.4988512095014,95.78460043744252,94.83208847679305,95.59410095214844,1318200
2021-06-07,94.06054293443977,94.06054293443977,91.3458856803825,91.81261444091797,4923900
2021-06-08,91.83169246948265,92.06029333227545,90.89822744018552,91.30780792236328,3198700
2021-06-09,91.32686023747421,91.67929234106789,90.28862550591921,90.31719970703125,2628800
2021-06-10,90.54580456904662,91.19351313543268,88.97416530197106,89.55519104003906,3269500
2021-06-11,89.8123564484658,89.945707545757,88.82174310638139,89.15512084960938,2641200
2021-06-14,88.81221854417866,88.96462395529728,87.91686218867173,88.69792175292969,3647000
2021-06-15,88.8503090946919,89.62184141018088,87.88827003846612,89.3075180053711,3447600
2021-06-16,88.78363747805572,89.99333171718523,87.75492283385647,88.50740814208984,4435900
2021-06-17,88.45025732745017,88.81220924030421,86.69763161863924,87.47869110107422,4415900
2021-06-18,86.46904921854512,88.08832418519059,85.93564475602653,87.9263916015625,9155900
2021-06-21,88.30736593351784,90.2885921728793,88.2978387809675,90.10761260986328,4757200
2021-06-22,90.0695456270649,90.8791867596849,89.90762030737727,90.44102478027344,2381400
2021-06-23,90.40291755125448,91.05061873587313,90.10763388916612,90.41243743896484,1923100
2021-06-24,90.79343437350828,91.29826451975451,90.3933811180402,91.14586639404297,2643200
2021-06-25,91.32685557707286,92.37462467831874,90.92680224773741,92.25079345703125,5359100
2021-06-28,92.1745809044625,93.2890254416009,91.80310181444625,92.70799255371094,2395800
2021-06-29,93.06042515147837,94.07961276276401,93.01280390883679,93.76528930664062,2569300
2021-06-30,93.81289816215296,94.16533019319868,93.36521639131062,93.54619598388672,2570600
2021-07-01,93.84148245035676,94.76542028664416,93.2795038381515,94.14628601074219,2436700
2021-07-02,94.27012634277344,94.51778153050228,93.76529607835407,94.27012634277344,1873600
2021-07-06,94.2605814465981,94.29872133667219,92.51571966651946,93.3071060180664,2659300
2021-07-07,93.09732963033923,94.88986061251518,92.92570378182158,94.49893951416016,2300600
2021-07-08,93.64083440209127,94.82314206630699,93.37386240769817,93.90780639648438,3565800
2021-07-09,95.25218575680515,96.65379563867158,94.37499020980009,94.99474334716797,3426400
2021-07-12,94.87080573298446,95.68125839742342,94.31778823510744,95.23312377929688,2487500
2021-07-13,94.91848288458563,95.01382897362002,93.17362108493893,93.24036407470703,3251000
2021-07-14,93.44059022782963,94.03174760113065,92.14386308761065,92.91617584228516,2377800
2021-07-15,85.81280012367735,91.05691568679097,85.43140844601722,90.53250122070312,7070200
2021-07-16,89.06413025089203,91.82920276986515,88.64459879584712,91.70525360107422,4555800
2021-07-19,90.8566694502423,91.24759057168615,89.30250720619023,90.170166015625,3959500
2021-07-20,90.41808145340508,91.53364601838845,89.66483495177923,90.02715301513672,3198100
2021-07-21,90.11295286113166,90.96154529826039,89.57900174520175,89.63621520996094,2576100
2021-07-22,89.45506149772329,89.53134127538485,88.59693218513085,89.05460357666016,3876800
2021-07-23,89.33110060300396,90.40852504206647,89.10226130002154,90.32271575927734,2095700
2021-07-26,90.00808351828137,90.55156423128822,89.89366384601243,90.2369155883789,1836100
2021-07-27,90.01760971183613,91.77200083344056,89.60761502752474,91.4192123413086,2216100
2021-07-28,91.4192092918398,91.48595227196928,90.0938792046691,90.12248229980469,2894800
2021-07-29,90.55157823764432,91.6194662462387,90.31320933937714,91.30482482910156,1867200
2021-07-30,91.20946477439962,91.54317972604441,90.4371447155184,90.73272705078125,2355100
2021-08-02,91.19038516726073,91.76246894291991,90.52295530806501,90.61830139160156,1510600
2021-08-03,91.07595777048341,92.28687547936067,90.58969060339658,92.11524963378906,2069900
2021-08-04,91.86736251924633,91.87689931104293,90.80900413748526,90.91388702392578,1870900
2021-08-05,91.14271805375262,91.14271805375262,89.78878461189385,90.98062896728516,2403000
2021-08-06,91.41920486877746,92.90663121381704,90.96154081987213,92.41082000732422,3067700
2021-08-09,92.64919375367175,93.04965163639339,92.21059598577101,92.60152435302734,1522000
2021-08-10,92.43943914431829,92.8494338662733,91.78154605053197,91.86735534667969,2120500
2021-08-11,92.01037476681194,92.63013522271989,91.32387132484865,92.57292175292969,2050700
2021-08-12,92.58245339364179,92.93524188570423,92.03897274472584,92.42990112304688,1803100
2021-08-13,92.5538624351688,92.64920852609934,91.54318077731223,91.64806365966797,1413400
2021-08-16,91.23803942914995,92.69685524470515,90.79944173309295,92.58243560791016,3565000
2021-08-17,92.01037281080553,92.03897590787263,90.16062827310955,91.21898651123047,3631800
2021-08-18,90.5229626750067,91.79107951068049,89.99854826121795,91.12364959716797,3890100
2021-08-19,91.02829414551749,92.45850719121154,90.90433769258259,91.72432708740234,1750300
2021-08-20,91.8864263094095,94.02220915444832,91.48596111548225,93.03059387207031,3638800
2021-08-23,92.83988297242095,93.64079864980872,92.71592654060726,92.76360321044922,1898500
2021-08-24,92.85896644394757,93.24035804988144,91.80060819283997,92.13432312011719,1601100
2021-08-25,92.04851239885289,92.48711019281387,91.67665758931119,91.74340057373047,1669900
2021-08-26,91.68620195635441,91.9817770154307,91.29527353356549,91.75294494628906,2663900
2021-08-27,92.05806080740494,93.10688238397609,91.55271269080808,92.9543228149414,2913300
2021-08-30,93.0305919150743,93.1831514665878,91.5717757573155,91.6766586303711,1922700
2021-08-31,91.8578109741211,92.773153704123,91.581309526395,91.8578109741211,2547100
2021-09-01,91.76244897945494,92.1343037164562,90.7613044084663,91.92454528808594,1872300
2021-09-02,91.95317191726757,92.53479250595818,91.51457409659663,91.86735534667969,2193900
2021-09-03,91.69573147317342,92.18200598523465,91.05690467316454,91.75294494628906,1405300
2021-09-07,91.2762056814481,91.43829475791317,89.7506391811364,89.87459564208984,1803500
2021-09-08,89.87459514349237,90.33225927149473,89.67436617818632,89.9031982421875,2279800
2021-09-09,89.79832359037236,90.07483236048964,88.85438487475878,88.88298797607422,2095800
2021-09-10,88.93065130001128,89.40738902114758,88.05345563898616,88.78763580322266,1943200
2021-09-13,89.292978767666,89.95087189201087,88.64461516037564,89.62669372558594,2506700
2021-09-14,89.5408885023448,89.84600037411231,88.58741299376624,88.8639144897461,2455900
2021-09-15,88.96878814697266,89.35017976572219,88.3108950609308,88.96878814697266,2546200
2021-09-16,89.02600636088582,89.02600636088582,88.23461998284775,88.66368103027344,1482000
2021-09-17,88.35857491690308,88.63508369133812,87.8818371556925,88.3013687133789,4029700
2021-09-20,87.66253248858587,88.16787329754041,86.89974924240985,87.91996765136719,2250400
2021-09-21,88.09160327140688,88.92112959788422,87.74835150006736,87.78649139404297,1882100
2021-09-22,88.43484017189513,88.44437696239561,87.54810779078424,87.75787353515625,1894900
2021-09-23,87.97716799937771,88.1774042258768,87.22392886877122,87.30973815917969,2424600
2021-09-24,87.65299757735956,87.9962493180562,87.05231066836062,87.30020904541016,1690100
2021-09-27,87.20486078455566,87.99624712670071,86.43254802444118,86.46115112304688,2155000
2021-09-28,86.43254515924407,86.766260089315,85.69836503864815,86.14649963378906,3803800
2021-09-29,85.55535318771993,87.71020241318487,85.55535318771993,86.89974975585938,2531300
2021-09-30,87.25253402096348,87.73880122694565,86.14649908893534,86.18463897705078,2472900
2021-10-01,86.48019849314721,87.37646751687436,85.50765698132045,86.70903778076172,2685800
2021-10-04,86.6709145542994,87.24299833439102,85.7365054697458,86.10836029052734,2831100
2021-10-05,86.71857785901739,87.39555174096216,86.27045056700298,87.01416015625,2973300
2021-10-06,86.87097794426279,88.19776185247477,86.55598419506799,88.07366943359375,2269700
2021-10-07,88.44594012052255,89.08546759288794,86.92824758734815,86.99506378173828,3075200
2021-10-08,87.10007086115836,87.56778427108868,86.21236573807113,86.79462432861328,2023600
2021-10-11,86.92825250200703,88.22640202276784,86.92825250200703,87.05233764648438,1842000
2021-10-12,87.06186588697241,87.29094890460638,85.87826179970942,86.40324401855469,2356700
2021-10-13,86.31736585766005,86.79462653202897,85.42966071203706,86.68962860107422,1887800
2021-10-14,86.14554883621858,87.03325395208803,85.28647819466431,85.91646575927734,3635000
2021-10-15,86.4128106492125,88.07367564379301,85.79237035831615,87.10006713867188,3179700
2021-10-18,86.85188557488641,86.90916180132243,85.84964264249524,86.2314453125,2419400
2021-10-19,86.74690337722204,88.51277381691229,86.47963854681413,88.40777587890625,2674000
2021-10-20,88.70366472824263,90.24044460432034,88.59866680261598,90.20226287841797,2562100
2021-10-21,90.40270316646401,90.47906661124834,89.05683204363017,90.32633972167969,3149800
2021-10-22,90.5745355862169,92.10176837854826,90.37408696495031,91.2713394165039,2542800
2021-10-25,91.28087547137127,92.25449134137953,90.87997824603615,91.96813201904297,2235500
2021-10-26,92.02539993475446,92.49311332203533,91.76767511146336,91.87267303466797,1989700
2021-10-27,92.1303834968034,92.1303834968034,89.91589459263314,90.0113525390625,1739300
2021-10-28,90.24998119442829,91.46221989833384,90.12588877930071,91.338134765625,1315000
2021-10-29,91.52904811840307,91.62449879321645,90.36453095138866,90.56497955322266,2128200
2021-11-01,90.52679034916882,90.7654206577009,88.84683822044471,90.39315795898438,1945400
2021-11-02,90.60315498305538,90.62224948614288,89.92544577183303,90.31680297851562,2053900
2021-11-03,90.18319572295255,91.15680446162816,89.543660774812,90.82272338867188,2139700
2021-11-04,90.41225312898773,91.60540468045258,89.84908180983837,90.26907348632812,3018400
2021-11-05,90.5459114944433,92.2831403604263,90.2881866072404,91.48133850097656,2170200
2021-11-08,91.57676450440552,92.21629194837614,91.19495457523455,92.025390625,2074400
2021-11-09,91.64358376775988,91.977664736076,90.42179777939297,91.10904693603516,2807900
2021-11-10,91.15677493190262,91.87266583450918,90.90859737992173,91.35722351074219,1694000
2021-11-11,90.7845361549439,91.73905760981037,90.57454026968595,91.50042724609375,1566900
2021-11-12,91.65313839276254,92.05404290126926,90.96588912622266,91.79631805419922,1778900
2021-11-15,92.06357891472094,92.10176064162435,89.44819252240535,89.70591735839844,2304200
2021-11-16,89.8204389338312,90.75587286692114,89.5627214270923,89.61044311523438,2256200
2021-11-17,89.36229549303542,89.85864341345655,86.57508748900501,86.60372924804688,4601700
2021-11-18,86.39373625004934,87.60597525601449,85.77329586706948,86.59418487548828,2663500
2021-11-19,86.24099714673707,87.08098054318931,85.58238240828734,86.19327545166016,2581400
2021-11-22,86.48918767208376,88.61776639063457,86.3651025074001,87.86370086669922,2659900
2021-11-23,88.66548449944543,90.44089473057589,87.90186453334339,90.22135162353516,3257600
2021-11-24,90.13545058272787,91.54814537262556,89.70591889195609,91.29042053222656,2449600
2021-11-26,90.05907916877324,91.54813728218984,89.782267130269,90.28816223144531,1817400
2021-11-29,90.87996960227322,91.27132682008248,89.1522884271138,90.65088653564453,2134000
2021-11-30,89.86818094705642,90.3549888442347,88.23595041437343,88.71321105957031,6405100
2021-12-01,89.68681615621644,91.02314736836385,88.87547454676168,88.89456176757812,2961500
2021-12-02,89.34319579388223,92.47402461781044,89.114112711805,91.63404846191406,2787000
2021-12-03,91.75813703037964,91.92995116893921,89.88727601185334,90.8895263671875,2605700
2021-12-06,92.04450189020633,92.71266397899312,91.5958756524121,92.38813018798828,2788400
2021-12-07,92.74128429448425,92.98945456583716,91.92039547097808,92.40719604492188,2876800
2021-12-08,92.53131138348674,92.85584517983793,90.56499225102586,90.79408264160156,2397200
2021-12-09,90.06863605757208,91.23315328125307,89.83000571771679,90.91815948486328,2584800
2021-12-10,91.40496280540069,91.54814245857372,90.43134698975977,90.7367935180664,2385800
2021-12-13,90.4027157357327,92.8653825542856,90.32635228033108,92.29267120361328,3029800
2021-12-14,92.45493368755295,93.54308738680591,92.3022067840131,92.72219848632812,2939400
2021-12-15,93.54308580952066,98.47795909883409,93.29490823666286,97.1798095703125,5645000
2021-12-16,96.57846219434866,99.05066878308175,96.55937497325182,98.33477783203125,4065400
2021-12-17,98.50913969863106,99.09032049356591,96.600955040667,97.80204772949219,5842000
2021-12-20,97.05620103380748,98.48008065797755,96.16506800032032,98.33478546142578,2560800
2021-12-21,98.82878075485091,99.86520892806183,97.51145052104745,98.04419708251953,3429400
2021-12-22,98.17011766302687,98.17011766302687,96.94964839976394,97.986083984375,1629700
2021-12-23,98.31539834104939,99.00312093032731,97.89888946134367,98.0732421875,2133300
2021-12-27,98.27666549310966,100.09767734871097,98.19917374010016,100.07830810546875,1306100
2021-12-28,100.05894166476621,100.80477948581684,100.02019578717622,100.10736846923828,1833600
2021-12-29,100.17516969221042,101.3084588740784,100.17516969221042,100.70791625976562,1785500
2021-12-30,100.9597652692933,101.37627422523765,99.72960764568111,99.81678771972656,1165200
2021-12-31,99.9911330292802,100.4366995133751,99.40995228565892,99.42932891845703,1347600
2022-01-03,99.28404078764073,99.6036887413425,98.14106324199682,98.79972839355469,2088700
2022-01-04,99.0321962807062,99.40027842985157,98.29604676245678,98.9547119140625,2773000
2022-01-05,99.18718012062295,100.7854125044896,99.0225156796845,99.66180419921875,2731700
2022-01-06,101.28098471992595,102.2020779609251,100.86407054493297,102.04694366455078,3669700
2022-01-07,102.35720007340839,105.96399092612734,101.94028591791216,105.85733795166016,4861000
2022-01-10,106.34212071825169,107.31168782640599,105.31438195071533,106.65238189697266,5015000
2022-01-11,107.01111650978635,107.53468359729986,104.20906836533744,105.60523986816406,4137600
2022-01-12,105.03321155923561,107.08868919132652,105.03321155923561,106.50695037841797,3486900
2022-01-13,106.6620736668633,107.46680869969164,105.64402530142164,105.93489837646484,2662600
2022-01-14,105.70219359236583,106.59420087540221,105.23680556376448,106.40998077392578,2993600
2022-01-18,106.20637776141336,106.63298963942471,104.73263167221587,106.52633666992188,3228400
2022-01-19,106.23547781083931,106.50695544329257,104.23817174589544,104.3545150756836,2578400
2022-01-20,104.56780657205039,105.58585495007257,103.64672081838054,103.90850067138672,2507000
2022-01-21,104.59690431453846,105.45012816388325,104.29634085699774,104.7326431274414,4086800
2022-01-24,105.08167540945892,107.74798482724127,103.6079367314933,106.53602600097656,5949500
2022-01-25,106.31303322135206,107.05959662815081,104.42237295177466,105.97368621826172,3371300
2022-01-26,108.44608984334236,108.44608984334236,102.07603363506723,104.3545150756836,4566700
2022-01-27,104.8683834525504,106.69116697867784,103.70489846797557,104.36420440673828,3107700
2022-01-28,104.66476797893358,105.4210365486021,103.59824562297403,105.41133880615234,3020700
2022-01-31,104.57750803370114,105.47920573289929,103.65642224726871,105.35316467285156,2589100
2022-02-01,104.9556400987996,104.9556400987996,103.39463645335937,104.8102035522461,2646300
2022-02-02,104.50963786355112,106.43907430779774,104.43207072076486,106.14820861816406,2330800
2022-02-03,106.36151123046875,107.14686563608102,105.4501231581287,106.36151123046875,1974900
2022-02-04,106.15788774750936,106.79780551207384,105.18832075674557,105.75067138671875,1895500
2022-02-07,106.00276594137135,106.40028458003304,104.8392810585268,105.7797622680664,2229200
2022-02-08,106.18699307068174,106.36151545695165,105.17864972468938,105.8767318725586,2552100
2022-02-09,105.68282574253259,106.33243399699556,104.92656450334158,105.13017272949219,1735600
2022-02-10,104.53873107858662,105.07199597640569,102.84198854561193,103.26860046386719,3173200
2022-02-11,103.06496492757182,104.23813999458332,102.3086965282575,102.96800231933594,2925800
2022-02-14,102.15359160148958,103.28798334819186,100.941632710429,102.97772216796875,3541000
2022-02-15,103.46251936290311,104.34482910256277,102.27964614574712,102.56082153320312,2224300
2022-02-16,102.46385623266916,104.70355397167431,102.15359504199654,102.8516845703125,2490400
2022-02-17,102.6189788724415,102.76441541767588,101.23250501320906,102.02754974365234,2347500
2022-02-18,101.94029166973307,103.6370342173614,101.79485511477998,103.17164611816406,5612000
2022-02-22,103.5691553207821,104.41268134444513,102.24084575650556,103.0165023803711,1991700
2022-02-23,103.40433923350211,103.5109922130234,101.3391564456902,101.43611907958984,1964900
2022-02-24,100.28232645369985,100.75741226624135,97.74205796325123,99.74906158447266,3184800
2022-02-25,99.51635736684368,104.04423353058942,99.51635736684368,103.97636413574219,2206200
2022-02-28,100.57320071506922,103.47220433561061,100.57320071506922,102.70624542236328,2841900
2022-03-01,102.02756581244692,102.64808826577989,100.04964771849389,100.0981216430664,3738900
2022-03-02,100.11750451775892,102.11481045047611,100.1078067751817,101.72698211669922,2181600
2022-03-03,102.13419271064564,103.0358903914117,101.600935254689,101.88211059570312,1797500
2022-03-04,100.85436141789339,103.98606624825403,100.19505552714428,103.92789459228516,2018300
2022-03-07,102.92925242557233,105.37255839428111,102.01785693542041,103.27828979492188,3138400
2022-03-08,103.19103757514169,105.49860485224377,100.59259717863878,100.602294921875,3411000
2022-03-09,101.25189710411175,102.39598662947161,99.18672175119711,100.93193817138672,2447800
2022-03-10,100.67985370742468,102.00816342399888,100.3211185804541,101.4845962524414,1943700
2022-03-11,101.3294568398758,103.5012850115218,101.30037101124815,102.32810974121094,1652600
2022-03-14,103.61763654458048,104.58720362497334,102.21175983968496,102.49293518066406,2019700
2022-03-15,103.39463467893412,104.26724654606966,102.23115712089336,104.04424285888672,1776300
2022-03-16,104.13149996757964,104.6647573930201,100.84466834450735,102.90984344482422,2716200
2022-03-17,102.98741434014946,106.59420498842279,102.73532483322454,106.18698120117188,2261800
2022-03-18,107.69951205628577,108.13581427949075,105.82824731277185,107.83525085449219,3946700
2022-03-21,108.37820866995429,110.08464882797011,107.53469003171782,108.76603698730469,1977900
2022-03-22,109.43503311158291,110.0943389865006,108.41698477331565,109.90042114257812,2316100
2022-03-23,109.98769967128081,111.13178920217385,109.32839371454227,110.53065490722656,1935200
2022-03-24,110.80212399267977,111.49051572730306,110.05556060074484,110.62760162353516,2185300
2022-03-25,110.72455299360692,113.18725416252711,110.66638133832211,113.119384765625,1965300
2022-03-28,113.43934875988066,113.65265470178615,112.41161001856494,113.322998046875,1836000
2022-03-29,113.50722336756567,113.7496151495411,111.37417864506595,112.65400695800781,1628700
2022-03-30,112.85761594347723,113.62357486745334,112.00439213084044,113.60417938232422,1650300
2022-03-31,113.45875307558677,114.00171575006719,110.49187974306255,110.52096557617188,3354100
2022-04-01,110.6663921624776,111.82017941987365,109.96830264194251,111.68444061279297,1735100
2022-04-04,111.50021346925826,112.53764994217079,110.45307925439053,110.62760162353516,2307000
2022-04-05,110.7439491089133,112.38251978274296,110.34642306963954,110.75364685058594,1946600
2022-04-06,110.86039710351142,113.4902253622011,110.71483312385432,113.41259765625,2850300
2022-04-07,113.53873617192174,116.5373197529471,112.1995640003508,115.99388885498047,5093500
2022-04-08,116.06180924474457,116.61494634085051,114.48003305152339,115.00405883789062,3216000
2022-04-11,115.08169254315193,115.5669008073265,114.08216470354282,114.92642974853516,2851900
2022-04-12,113.90749900777816,114.40241355187392,111.57850506690885,111.8890380859375,2417300
2022-04-13,111.60761793788713,112.18986643122862,110.01613526769778,110.5401611328125,2208500
2022-04-14,108.95838794950737,109.92880466783743,107.59010422658184,108.79341888427734,3918300
2022-04-18,106.34796820535986,107.49306026787104,105.67838568157329,106.39649200439453,2221600
2022-04-19,106.31885754188917,108.1529446205679,105.66868009149879,107.86182403564453,2639100
2022-04-20,108.33730762585978,109.82204382548434,108.08499723916881,109.69589233398438,2147600
2022-04-21,110.22962799951993,112.77212238656412,109.5697517594433,109.6764907836914,2825000
2022-04-22,109.23981490264332,109.3756726574016,105.02820969775212,105.13494873046875,2263700
2022-04-25,104.98937071036738,107.60949247872932,103.84427886562376,107.28925323486328,2662100
2022-04-26,106.27033007083453,107.71624881523057,105.20287322998047,105.20287322998047,2502400
2022-04-27,105.61044453716458,106.06654154181705,103.54345235894732,103.78605651855469,3365400
2022-04-28,104.50416349851392,107.3474843639711,103.20380143600939,107.15339660644531,2696400
2022-04-29,106.41589064214446,106.46440703117553,104.04807170816633,104.18392944335938,2771100
2022-05-02,104.96026820725025,107.21163453458696,104.1354081334515,107.06607055664062,4227700
2022-05-03,107.27955851305896,109.9093866209506,107.09517698915323,108.90985870361328,3121800
2022-05-04,109.25920888443349,112.4809993234886,108.57021393993283,112.4130630493164,2960100
2022-05-05,111.57850406026813,112.23838764521207,108.259673657458,109.08453369140625,2202900
2022-05-06,108.68666084762114,109.60855367012002,105.10582117015672,106.2218017578125,3653200
2022-05-09,106.26062653640221,106.92051017542434,104.66914377235327,105.5328140258789,2743700
2022-05-10,106.9107943515504,107.65801927476993,104.33918889749498,105.06700134277344,3449600
2022-05-11,104.58179305487542,106.88168304748102,104.2033311755935,104.67884063720703,2404400
2022-05-12,104.81469934105118,105.80452101827922,103.78605270757726,105.58132934570312,3275900
2022-05-13,106.3188405017327,106.47411071175988,103.93161655024821,104.63031768798828,2253000
2022-05-16,105.28049264123858,107.59978767404341,105.11552359960264,106.50321960449219,4149900
2022-05-17,106.69731273228147,108.0753100670012,104.14511948788262,107.900634765625,2947200
2022-05-18,107.80358756604916,110.04525517583001,106.52263781918518,108.58963012695312,3544900
2022-05-19,107.51245340509982,108.0655905575892,105.41635004596688,107.15339660644531,3130400
2022-05-20,107.49306534760518,108.06561510776353,105.39696891597531,107.70655822753906,3812900
2022-05-23,109.13305083552729,110.43341294002715,108.05588780846756,109.5988540649414,2087600
2022-05-24,109.5988527571777,111.65613120300661,108.25967311589851,111.33589935302734,2698800
2022-05-25,111.10299420828012,113.3058440313371,110.43341179031293,112.19956970214844,4408200
2022-05-26,112.89826549391569,114.10158742779781,112.04430153760137,113.35436248779297,3339700
2022-05-27,113.55813987930632,116.81874003526664,113.15056671073394,116.77992248535156,3107900
2022-05-31,115.84832763671875,116.91579178828808,114.67412447368336,115.84832763671875,8747200
2022-06-01,115.52809914194926,115.82892591863914,113.72312367442777,114.96525573730469,2979400
2022-06-02,115.84832763671875,116.20738443349124,114.4412265695641,115.84832763671875,2131500
2022-06-03,114.99435667569776,116.2267823883536,114.73234747507313,115.58631134033203,1575400
2022-06-06,116.71200944934931,116.98373233559879,116.12006209302918,116.51792907714844,1992300
2022-06-07,115.7707104686647,117.76976641855137,115.40194739960025,117.60479736328125,3117500
2022-06-08,117.28455042452578,117.3621855291179,115.26608212727719,116.09093475341797,2159700
2022-06-09,115.91626586380994,116.36266403799215,112.05401174345072,112.12194061279297,2344600
2022-06-10,110.43341343527291,111.4232351221415,109.47269565848995,110.20050811767578,2020300
2022-06-13,108.41494106564753,111.539683625256,108.14322560893216,110.18109893798828,2852700
2022-06-14,110.64689760789578,111.22915349155129,108.37612631492732,109.08453369140625,2595200
2022-06-15,109.70559507657126,110.95742592380432,107.774460791389,109.23979187011719,2280000
2022-06-16,107.73564289104091,108.67694813583864,106.59055105773399,106.9496078491211,2304800
2022-06-17,106.97872360914135,107.79387740076088,105.63955137024843,106.31884002685547,4699600
2022-06-21,107.64830744585875,109.15245604947017,107.13398786249337,108.861328125,2918200
2022-06-22,108.0752961112183,109.96760546202968,107.80357325240485,108.54109191894531,2464000
2022-06-23,109.17186519822661,109.63766841402973,105.42605660890774,106.50321960449219,3162000
2022-06-24,108.08499562810479,112.92737967562556,107.337778121804,112.5586166381836,10282200
2022-06-27,112.51010182360348,113.40288330959558,111.58820162080838,113.11175537109375,1938400
2022-06-28,113.77163575348146,114.85850496918287,111.85991394011036,112.00547790527344,3272300
2022-06-29,112.62653571179676,113.32523677074792,110.15197809898342,110.27812957763672,2177500
2022-06-30,109.71530847107505,112.95650406172055,108.92927332229597,112.8303451538086,3913800
2022-07-01,112.94678581319042,115.4310499033103,112.27719599990083,114.97496032714844,2895200
2022-07-05,114.01424301941088,114.39270489699435,111.39412118941908,113.67459869384766,2518100
2022-07-06,113.63576022524128,116.98655531915806,113.40266330471235,116.58834838867188,3466600
2022-07-07,117.38475399391284,118.72507037060223,116.61746901413599,117.15165710449219,3006900
2022-07-08,117.39448726865741,118.10349258176585,116.74374692468602,116.91857147216797,2802000
2022-07-11,116.44263934638168,117.45273570256795,116.33580173303396,116.86027526855469,2338300
2022-07-12,115.91817933210022,116.13185458371973,113.1501304134317,113.68431854248047,2484200
2022-07-13,113.19869162037948,115.51996829818073,112.88789328640658,114.04367065429688,3411000
2022-07-14,111.52814319122952,112.05261674753004,107.93452972991479,109.10002899169922,4881100
2022-07-15,111.88750937099138,113.36380708613221,110.46949144067003,112.7422103881836,7515800
2022-07-18,112.85874879677579,113.1112747567595,106.91472978035698,107.11869049072266,3808500
2022-07-19,108.06080021469342,109.1097399542031,107.32265139724703,108.74066925048828,3118700
2022-07-20,109.2554304743286,109.51767097195358,107.16725066553497,108.13849639892578,2801600
2022-07-21,107.76943765550784,108.89608638816227,106.27371817078613,108.08995056152344,3277400
2022-07-22,108.37160600146157,109.04176055141046,107.56547022498307,107.9928207397461,1697900
2022-07-25,108.55613655854334,109.73135046220654,108.38131202337186,109.401123046875,2247800
2022-07-26,109.40111957230094,110.12955387737753,108.73095764042507,109.35255432128906,1925900
2022-07-27,109.45939597164136,110.38208390468687,108.6629747318643,109.86732482910156,1464000
2022-07-28,110.70259445635767,111.42131424051941,108.40073934854797,110.90655517578125,2078900
2022-07-29,111.12994440870203,112.09148310106579,111.05224296507349,111.75154113769531,2750300
2022-08-01,111.20763855558846,111.74182668296272,109.19716014622435,110.0032958984375,2294000
2022-08-02,109.64391845230779,111.73209803641912,109.12915945459999,109.93529510498047,3281300
2022-08-03,110.3918003546833,111.69326616008817,108.11908134656466,111.45045471191406,2378400
2022-08-04,111.53786180939875,114.06310676520894,111.19792726842961,113.42208099365234,2628700
2022-08-05,113.14041364141275,114.9954965528262,112.70335602449155,114.87894439697266,1525700
2022-08-08,115.1800240890431,115.94730908179702,114.73325195592373,115.08290100097656,1574100
2022-08-09,115.85018307007172,116.78257803000997,115.59765711945829,116.2192611694336,1583800
2022-08-10,117.24879989643775,117.49161135831406,116.39409880822176,117.41390991210938,2189500
2022-08-11,117.84124806274767,118.63766927754094,116.80201541161478,116.99626159667969,2376700
2022-08-12,117.36533398203815,118.29773643166229,117.24878923334795,118.26859283447266,1619300
2022-08-15,117.45274655760035,118.66680372146787,116.87000060094732,118.50169372558594,1690000
2022-08-16,118.14232291010049,119.23982785149063,117.95778386127644,118.96788024902344,1916200
2022-08-17,118.96789359031075,123.76585011765694,118.61824451649507,123.40648651123047,4099900
2022-08-18,123.4647605365457,124.88277842085415,123.31907219425015,124.52342224121094,2241000
2022-08-19,124.40685275329318,124.49426130568911,123.44532162685643,123.81439971923828,2058700
2022-08-22,123.52304545703599,123.97953218459115,122.13416361809944,122.3187026977539,1584400
2022-08-23,122.05645402504747,122.40610309472672,120.76469537373342,120.8229751586914,1757400
2022-08-24,120.53158632640942,122.14385769757641,120.22078800799386,121.87191009521484,1567900
2022-08-25,122.35753621123902,122.86258071344827,121.78449739660007,122.79459381103516,1192200
2022-08-26,122.79459789583576,123.10539623292254,121.49312476489827,121.56111907958984,1827300
2022-08-29,121.3668680070762,122.6100613812305,120.4053367895689,121.42514038085938,1591900
2022-08-30,121.10463706265992,121.56112375876857,120.29850129761768,120.66757202148438,1526100
2022-08-31,121.04635342350898,121.49312557291654,119.04558957833233,119.123291015625,2103900
2022-09-01,119.12328576250205,120.61900501935156,118.82219455877471,120.1430892944336,2382600
2022-09-02,120.84238089870139,121.81362653989336,118.35599442845512,118.89018249511719,1826500
2022-09-06,118.95817565917969,120.32762823218164,118.4919744664454,118.95817565917969,2219800
2022-09-07,119.1815661974692,123.68814592641955,118.45313187822053,123.5424575805664,2448800
2022-09-08,123.29962474433424,125.5237854456953,122.25068513825418,125.50435638427734,1998700
2022-09-09,124.75651417153837,125.29070230039183,123.72699604322123,124.97989654541016,2544300
2022-09-12,124.97020446935444,126.02885891215769,123.8532702354668,125.38784790039062,2445600
2022-09-13,124.06693317071617,125.05760060038556,122.87230501758593,123.0665512084961,3045000
2022-09-14,123.73671756971841,124.89249504381377,123.47447705163388,124.35830688476562,2941800
2022-09-15,124.45544189888723,125.43639486644179,123.34822222915919,123.43563079833984,2071300
2022-09-16,123.03741231828371,123.367632317581,121.05607009244888,121.29888153076172,4036900
2022-09-19,120.66756516848693,123.69785445714147,120.24992921598022,123.62986755371094,1858400
2022-09-20,122.38667529709934,122.8140183752454,119.94884646419641,121.50283813476562,2049400
2022-09-21,122.19241690878256,122.42552120772703,117.87037658691406,117.87037658691406,2768200
2022-09-22,118.29773472416335,119.92942787242825,117.08367754271674,118.89990234375,2280000
2022-09-23,118.45312790211052,118.715368397847,117.01568837665319,118.03549194335938,2004200
2022-09-26,117.2196449217412,117.69555323594778,115.06347830021024,115.46168518066406,2435300
2022-09-27,116.25811524036291,117.07396553711126,114.88866256334491,115.67536926269531,2118300
2022-09-28,116.1609965414675,116.59806159877027,114.62642639452582,115.62681579589844,4193500
2022-09-29,115.43255094519327,115.78219999296971,113.79115073703817,114.98577880859375,2303500
2022-09-30,114.85952601660134,115.41313580515603,112.80048233126637,112.86846923828125,2814200
2022-10-03,114.03395729076651,117.1905057077273,113.04328256106503,117.03510284423828,2427900
2022-10-04,117.64699228236766,120.51217162396452,116.99625942346896,120.3761978149414,2425800
2022-10-05,119.443808703233,120.05569087404753,118.56968602348567,118.82220458984375,2600600
2022-10-06,118.03485649394312,119.51235451901701,118.02513401422947,118.51115417480469,2750500
2022-10-07,118.53059602649738,119.33738383567909,117.44190822556452,118.55003356933594,2521800
2022-10-10,118.73472808384248,120.92181883170502,118.42367547412297,120.27055358886719,2571100
2022-10-11,119.87201236673064,121.80637053349895,119.1721421474169,119.99837493896484,2629500
2022-10-12,120.2122274738913,121.08706526606143,117.97653913398905,118.00569915771484,2225900
2022-10-13,110.35573198441745,119.51234965730869,106.96331347810654,118.9971694946289,7584800
2022-10-14,120.28026462643419,120.38718965270355,112.40673968089789,112.64974975585938,3681700
2022-10-17,113.47597138552976,116.8683970384733,113.33016387165364,116.24628448486328,2644000
2022-10-18,118.18066063953917,118.51115077954404,115.9644099573828,116.89756774902344,2615700
2022-10-19,116.887843994741,119.19158213452968,116.75175894844924,117.811279296875,2001400
2022-10-20,115.55614255906723,117.15028798004172,114.71047228559722,115.53670501708984,2502000
2022-10-21,116.24628580175971,119.07492638833489,115.35201058343672,119.02632141113281,2985100
2022-10-24,120.21223050938943,122.25351379861165,118.68612742854316,119.8136978149414,2607800
2022-10-25,118.43339912523378,119.1429918823996,116.90729598938046,118.69585418701172,2473200
2022-10-26,119.492919921875,120.96070291950386,118.63752708796059,119.492919921875,1893100
2022-10-27,120.4066314379061,123.01169966946937,120.22194141265835,120.9023666381836,2173600
2022-10-28,121.85497232452597,126.26802875035344,121.6800047742802,126.07362365722656,2483400
2022-10-31,125.42237250237751,125.8500726545135,124.46977705672164,124.80998229980469,2062900
2022-11-01,125.26682086806169,126.27775102274597,124.37254562793757,125.41263580322266,2443300
2022-11-02,125.10158718260045,126.66657270315906,123.86709922975243,124.1587142944336,2151700
2022-11-03,123.62408493498427,125.08213796046466,122.90477719365045,123.76016998291016,1786900
2022-11-04,125.29599342530824,125.645928539688,121.34951203278892,123.07975006103516,2818800
2022-11-07,123.07975018897677,123.99346306318108,122.467360030136,123.74073791503906,2555800
2022-11-08,123.71158193178701,126.43330551101151,123.46857182493767,125.49042510986328,1903100
2022-11-09,125.49040476679035,126.5596401642993,123.92541192301307,124.1295394897461,1762100
2022-11-10,126.95818865508971,127.28867880903078,124.49892779590508,126.11251831054688,2488500
2022-11-11,126.2874768204545,127.33728214779146,121.63140278939584,122.70065307617188,3761100
2022-11-14,123.16721746441557,123.56575752105755,119.48318407852713,119.54151153564453,3874000
2022-11-15,120.2608204469193,120.78572306979883,118.55002753709844,119.61927032470703,4372000
2022-11-16,119.3859941568217,122.81729536742156,116.89757326176262,122.38960266113281,4295900
2022-11-17,121.94246191314569,125.03355801420682,121.78693930971643,124.44061279296875,2014400
2022-11-18,125.9667084113819,126.3166435390428,123.73102000252564,124.77110290527344,3370300
2022-11-21,124.91690181161235,126.5013323508877,124.20731649904708,126.18055725097656,1525500
2022-11-22,126.7929253843473,127.81357055533056,126.06389523823873,126.45270538330078,1546000
2022-11-23,126.36524611360063,127.69693665327624,126.21944599325612,127.42476654052734,1371700
2022-11-25,127.82332272783573,129.21333349053404,127.02624241724408,127.89137268066406,1029900
2022-11-28,127.61916218145754,128.78562238634981,126.3166317624398,126.38468170166016,1992800
2022-11-29,125.14049511856271,127.98856656874219,124.03236216288059,127.45394134521484,1751300
2022-11-30,127.02623851624905,128.9022842920032,125.50985779181532,128.45513916015625,4446500
2022-12-01,130.2145012743277,130.7393964140798,125.42233575996079,127.58998107910156,2325600
2022-12-02,127.08455307381752,129.07722380603528,126.36523791839754,128.8050537109375,1253200
2022-12-05,128.0565710168314,128.36761614316282,126.6276708508635,127.58998107910156,1198800
2022-12-06,127.5899982453126,127.97882324573409,126.59852786659141,127.30811309814453,1578100
2022-12-07,127.45393050933646,128.6495508618012,126.404125113888,126.83182525634766,1783300
2022-12-08,126.84154221075944,128.70785777930018,126.77349227133001,127.51223754882812,1240200
2022-12-09,127.45392152939505,128.24127181246777,125.64592594775627,125.76258087158203,1313900
2022-12-12,125.87922279405167,126.60825304189368,125.29599266291473,126.30692291259766,2568200
2022-12-13,127.51223980269701,127.51223980269701,124.5669588717665,124.69332885742188,2566300
2022-12-14,123.60465585570293,125.07243146113156,122.72981804764916,123.0408706665039,3429600
2022-12-15,121.80635960760965,125.06270033127545,121.33006196844192,124.09066009521484,3067500
2022-12-16,123.5171573860819,123.90597497910399,121.85496940658932,122.91448974609375,6129700
2022-12-19,123.01170082403486,124.88773145145952,122.10770306387869,123.51715850830078,2342200
2022-12-20,124.01291473890043,125.6459354747014,123.5463320886147,123.63381958007812,1743800
2022-12-21,124.22675640367729,126.01530704055187,124.20731144418826,125.50984191894531,1744600
2022-12-22,125.52928213094135,125.67508224119918,122.78812881691142,125.00438690185547,2248600
2022-12-23,125.0821246668005,125.95696973805268,124.09065435106676,125.82088470458984,1277700
2022-12-27,126.2194190380018,127.13312431729557,125.5778689811771,126.53046417236328,1625000
2022-12-28,127.13316179398306,128.33849727131556,126.06392621623839,126.09308624267578,1337800
2022-12-29,126.55966414746425,127.43450945538179,126.11253384462304,126.90959930419922,898000
2022-12-30,126.40412667268409,127.27897192909253,124.83914104056257,126.08336639404297,1591300
2023-01-03,125.7528598943906,126.56938509044735,125.24740957321164,126.50133514404297,1502900
2023-01-04,126.71517928353492,127.9399447720471,126.1319491468195,127.5705795288086,1905000
2023-01-05,127.57058218922398,128.39745251097602,126.500516460306,127.94996643066406,1624900
2023-01-06,129.50640872002882,131.16985680961642,129.05892268896855,130.9461212158203,2116300
2023-01-09,131.31578504399096,131.7632562387393,128.37798064561647,128.41688537597656,2752300
2023-01-10,128.19314440456003,129.46748578985387,128.01805086007735,129.39939880371094,1500200
2023-01-11,129.3799616159248,129.76906834505075,127.8137825394669,128.65037536621094,2125700
2023-01-12,128.41686928590119,130.48889845033162,127.6386560284598,129.32156372070312,1795600
2023-01-13,129.18541252876832,130.5278411791307,128.58227778214163,130.01226806640625,1448500
2023-01-17,130.35273243120176,130.67375213556952,126.99663893058477,127.13282775878906,2293900
2023-01-18,126.37404963878859,127.21064233187045,124.53549317699414,124.7397689819336,1813200
2023-01-19,124.50631043590292,124.71059367396062,121.89925554463173,122.4926528930664,2305800
2023-01-20,123.09576916312191,124.80786664313263,122.39536531122056,124.15609741210938,2647000
2023-01-23,124.0977447711671,124.60358792275046,123.27088191979374,123.65999603271484,2624500
2023-01-24,124.07829147744036,126.00439481830807,123.14441464471949,125.67365264892578,2447700
2023-01-25,125.00241192940611,131.8118818399574,125.00241192940611,131.78269958496094,3024500
2023-01-26,132.17183814666032,132.65822897206905,130.6834834083872,131.23797607421875,2724400
2023-01-27,131.267149366781,131.94809350713032,130.42083413830895,131.39361572265625,2215300
2023-01-30,131.71463012695312,132.38585184374287,130.87803731005823,131.71463012695312,2689800
2023-01-31,132.0356288043339,132.63876342773438,131.42278655305205,132.63876342773438,3002900
2023-02-01,131.78271937528447,135.3917306575147,131.6659903377689,134.22439575195312,3088000
2023-02-02,133.83528609755078,133.83528609755078,127.94023233820576,131.29632568359375,3763400
2023-02-03,131.7243711975008,133.611570036617,130.97532514576002,132.59986877441406,2197000
2023-02-06,133.09598087934845,134.76915151554925,133.00841925744172,133.92283630371094,1598400
2023-02-07,132.9403367585065,135.21664213562323,132.61931704991787,134.9248046875,1975200
2023-02-08,134.20496109330298,136.08242252675151,134.0590349417563,134.60379028320312,1748200
2023-02-09,135.07074070073338,135.71276532134382,133.38781772578199,133.44618225097656,1976800
2023-02-10,133.6796380440375,135.55711414324605,133.35861835318414,134.9539794921875,1723100
2023-02-13,135.25555659417785,136.75364867531414,135.21665185858288,135.90733337402344,1973200
2023-02-14,136.44232271340417,137.36647697841173,134.80805697974958,135.47927856445312,1662000
2023-02-15,135.4111828754159,138.14469653653828,135.4111828754159,138.0960693359375,2416200
2023-02-16,138.12524513220035,139.75951086348633,137.6582993431468,138.66026306152344,2426700
2023-02-17,138.55328030415484,139.0299486460502,137.08438538790207,137.66806030273438,3862500
2023-02-21,137.65830490119748,139.44823414457144,137.57075812851537,138.69918823242188,2638700
2023-02-22,139.10776180698153,139.84707044216717,138.09607552496598,138.6116485595703,1660000
2023-02-23,138.6116500687499,140.02218036450557,137.7458750725852,138.4851837158203,1690500
2023-02-24,137.78476321298547,138.251694150201,137.36647431669107,137.95013427734375,1764900
2023-02-27,138.23227909953803,139.0104925486868,137.19139560392293,137.83343505859375,1807600
2023-02-28,138.3878723993487,140.45017899800277,138.0960498630226,139.61358642578125,3618600
2023-03-01,139.01046541362697,139.74005151239018,137.7166791274047,138.35870361328125,2346500
2023-03-02,137.72641197865687,138.82565986688505,137.07465012918877,138.378173828125,1425700
2023-03-03,139.8373266173006,141.73424738358983,139.2439293680033,141.63697814941406,2536300
2023-03-06,141.3743586432659,142.51251138987305,141.09224365308611,141.67591857910156,2349000
2023-03-07,141.97746530607913,142.3568495196522,140.52803028565637,140.88795471191406,2086500
2023-03-08,141.84126617326837,142.15256337381643,138.69918612800754,139.84706115722656,1495500
2023-03-09,140.26535807252174,140.82957308839056,137.278911929754,138.19332885742188,2671500
2023-03-10,137.14273599483073,138.77701668444908,136.62716297121418,136.82171630859375,2623100
2023-03-13,134.63294521720923,137.5512895341441,134.28274330543834,135.73219299316406,3646200
2023-03-14,137.19138887275076,138.0960834860298,135.09017703881494,137.97933959960938,3309700
2023-03-15,133.56291674444546,137.28867205633279,130.04143725636183,131.38388061523438,4091000
2023-03-16,134.89561325897122,139.66225167177257,133.66017655718076,138.98129272460938,4786000
2023-03-17,138.29061342593124,138.6310780247205,132.16208736958984,132.6095733642578,6382900
2023-03-20,132.89169499511195,136.04351272336265,132.5220332371312,135.2847442626953,2293300
2023-03-21,137.55129955798597,137.77504999255254,135.81002718644763,136.41314697265625,2451100
2023-03-22,136.29640843105625,136.88980570440924,132.91113316909932,132.96949768066406,2215900
2023-03-23,132.8916964581675,134.22440251518407,132.3858458643304,134.0784912109375,2445400
2023-03-24,132.96951813900287,136.69527341627813,132.07456085589166,136.6077117919922,3227300
2023-03-27,137.4637615376616,138.5240898885031,136.07269101483686,137.2789306640625,3181800
2023-03-28,137.2983900137266,139.1953111040137,137.24002549455912,138.96185302734375,2021200
2023-03-29,139.6038859856346,140.7906807583796,139.20505679949153,140.5474853515625,2041400
2023-03-30,140.63503447851906,141.05332341619885,138.5435452597151,139.87625122070312,2122900
2023-03-31,140.2556329934,140.89767236161717,138.51436059671562,139.16612243652344,2344500
2023-04-03,138.8548542816437,141.52026643020557,138.8548542816437,141.15061950683594,1968800
2023-04-04,140.74202721396784,141.50081047725968,138.59218830562438,140.35292053222656,1578800
2023-04-05,139.82724614620184,143.08833031508215,139.82724614620184,142.54318237304688,2225600
2023-04-06,142.58214465614782,143.9255190958795,142.53346887066573,143.38037109375,1902900
2023-04-10,143.52639351937694,145.12286119349926,143.43878602077746,145.04498291015625,2108600
2023-04-11,144.21755366859497,145.89189979465775,143.1662338720116,144.67507934570312,2769200
2023-04-12,144.2856783603071,145.86267264244674,143.82815276051744,144.217529296875,2965100
2023-04-13,137.15025275848268,137.8900741734813,132.34137642658195,134.54139709472656,7196100
2023-04-14,134.33695875106397,135.30068575902416,131.49446836284085,132.24403381347656,4298900
2023-04-17,133.30510209947235,134.82369148252897,132.3900508420501,134.736083984375,2988700
2023-04-18,134.29802439041976,135.21306074468455,133.64579566266676,134.92103576660156,2143100
2023-04-19,135.56350960704899,137.07236973835978,135.03784977709105,135.22280883789062,2044100
2023-04-20,135.26174690881643,136.1962714717082,133.77235999121083,134.71661376953125,2235000
2023-04-21,134.1325463135729,134.7166260754545,132.38033673545874,133.38299560546875,2358500
2023-04-24,133.64581641347294,133.85997799982798,131.4750129013453,131.8059844970703,2139700
2023-04-25,131.41660840110242,132.64315806549055,130.60863784107343,131.29005432128906,1982900
2023-04-26,130.36526231750662,131.28031359086782,129.67411668167946,130.28738403320312,1648800
2023-04-27,128.8855962799732,131.63074992235173,128.8174620692207,131.13429260253906,1918100
2023-04-28,130.74491408935458,132.86705656050728,130.394469225025,132.77943420410156,2188000
2023-05-01,132.66262160093456,133.694482888528,131.85465110029187,132.28297424316406,1774100
2023-05-02,131.41658373889453,131.99091931773933,122.07140593617162,124.90415954589844,6751900
2023-05-03,123.54133445402385,123.99885264628311,117.52537461952234,121.73070526123047,8019200
2023-05-04,120.8740596631559,123.35637604847169,119.46255108445115,122.7528305053711,4909900
2023-05-05,123.56081361277165,126.69533679100705,123.26877373983076,126.08206939697266,3124100
2023-05-08,126.64668029010302,131.42633980102303,125.88738550613749,130.53076171875,4254400
2023-05-09,130.4139320863376,133.64579904015545,130.22897302636886,132.09800720214844,3595100
2023-05-10,131.465278524852,132.2050999780974,129.4112851027181,130.8130645751953,2644600
2023-05-11,129.8201438814,130.78387104829955,127.94136533752294,130.38475036621094,2037800
2023-05-12,131.43608204967038,131.92281023027553,129.6059793373901,129.88827514648438,2155900
2023-05-15,130.23868038196815,130.45284190453822,127.49354200301846,128.49620056152344,2204900
2023-05-16,128.3112853007371,128.71040598837595,125.93604931566246,126.3156967163086,2927900
2023-05-17,128.29179907832673,134.23961765791958,128.23339407700325,132.97413635253906,4312200
2023-05-18,133.3635068197067,133.69447838121732,130.92013696912394,132.49713134765625,3451200
2023-05-19,132.8768009800151,133.27592167606775,131.12457645787708,131.4750213623047,4873800
2023-05-22,132.09801092292378,133.129872177326,131.25110873370002,132.02987670898438,2857100
2023-05-23,131.4263203409842,131.7573067482358,129.67411100898107,129.81039428710938,2989000
2023-05-24,129.32367820058641,129.70332557166762,127.46437306236831,128.00950622558594,1928800
2023-05-25,127.57144301446623,128.11657613137405,125.39089569307158,125.50770568847656,2584300
2023-05-26,125.60505894906719,128.28206364082695,124.85549347632065,125.07939910888672,3149700
2023-05-30,125.02098512213149,125.05993169212829,123.1130190976887,124.6705551147461,4230100
2023-05-31,124.16434854933055,125.4882496529822,124.00859198330949,124.5147933959961,6673400
2023-06-01,124.86524001988299,125.07940158776921,122.81124669425704,124.92364501953125,2978900
2023-06-02,125.16701353419371,126.40330720113943,124.8652444561138,126.06259155273438,1726300
2023-06-05,126.20859487494572,127.04576783085598,125.56612504896701,125.60505676269531,1576200
2023-06-06,125.86787857118505,126.41301161868407,125.0501789999365,126.35460662841797,1514900
2023-06-07,126.40329984405396,127.69798358360372,125.08912796671149,127.36701202392578,1982100
2023-06-08,127.36700450998562,128.35020476964687,126.15018427081098,127.60063934326172,1534200
2023-06-09,127.37674648391123,128.7298499734745,127.33779991879092,127.42540740966797,1673100
2023-06-12,127.38648645271283,127.82453879784235,126.52011097767401,127.22100067138672,1833200
2023-06-13,127.00681881748729,129.09001428163728,126.94841382796852,128.1846923828125,1529500
2023-06-14,125.56613126728675,125.84842705364606,122.9280582052098,123.56080627441406,4474900
2023-06-15,124.28116312314197,125.19621441500435,123.61921254694235,124.95285034179688,2681600
2023-06-16,125.6342441269593,127.3669948275189,125.11831357307142,126.53956604003906,3355900
2023-06-20,125.70241292617888,126.40330262903541,125.12806243789096,126.0431137084961,2151800
2023-06-21,125.90682795120108,127.24047311575492,124.7776151350323,127.13339233398438,2034300
2023-06-22,127.8537538738432,128.3599553365989,127.1918106834255,128.26260375976562,1598000
2023-06-23,128.35021061981752,129.95640746723302,127.83428000319249,129.24578857421875,3616700
2023-06-26,128.82718760014805,129.1873764881561,128.14577124329338,128.44754028320312,1641300
2023-06-27,129.03163057115995,130.11216761673603,128.45729494116142,129.12896728515625,1268500
2023-06-28,128.56437614198632,128.77852285497957,127.14312345839518,128.1944580078125,1544400
2023-06-29,128.31125346545625,129.14842635324283,128.1652409836525,128.56436157226562,1959900
2023-06-30,128.9342930868838,129.43076534142045,127.91216092881085,128.85641479492188,2421100
2023-07-03,128.54491201414345,129.59624663844954,127.60065818084348,129.07057189941406,1131800
2023-07-05,127.65906466884206,128.7493310235719,127.09445820549553,127.94136047363281,1864400
2023-07-06,127.30810698757608,128.44793100795584,127.11327048381858,128.27256774902344,1834600
2023-07-07,127.71729338984504,128.1459277870526,126.22677246014142,127.87315368652344,1682700
2023-07-10,127.9608524386329,128.5745867787288,126.66516793053644,127.69781494140625,1737000
2023-07-11,127.99006463403504,129.32471037220154,127.97057652298255,128.75967407226562,1973900
2023-07-12,129.47084239805503,130.60091507085824,128.0972352142085,128.70123291015625,2624000
2023-07-13,119.33917963335833,121.76492904030584,111.6040500199356,111.81837463378906,15043100
2023-07-14,111.25335200404635,114.35130036463202,108.535347508024,113.77652740478516,10076700
2023-07-17,114.94556164200921,119.49506964336874,114.76046917001027,118.80338287353516,6039000
2023-07-18,118.09221170395213,119.0956338510785,116.54323395090874,116.71858978271484,4844400
2023-07-19,116.39710749241328,117.15698026783116,114.60458042889502,115.16961669921875,2946800
2023-07-20,116.00743196478533,120.85893101302221,115.68594502847635,120.76151275634766,3542100
2023-07-21,120.97583934976734,121.57010038745294,118.94950687479145,121.180419921875,3287900
2023-07-24,121.10247998074529,123.04113821524393,121.10247998074529,122.00848388671875,2699600
2023-07-25,120.20622353322854,120.49848574312102,118.7254466700306,120.36209869384766,3679500
2023-07-26,121.23886847982016,123.85946197280099,120.62512676810637,122.97294616699219,2811000
2023-07-27,123.24572447233346,123.37236746819444,121.29732952503723,122.0766830444336,2301200
2023-07-28,123.14830657619744,123.14830657619744,121.02455578005328,121.80390930175781,1876100
2023-07-31,121.60907205690155,123.6354045798599,121.60907205690155,122.72940063476562,2898200
2023-08-01,123.15803525234568,124.63881948334439,121.88183901884972,124.13223266601562,2729300
2023-08-02,124.24914753293204,126.64567244263439,121.24861750971307,122.12539672851562,3446000
2023-08-03,122.31048292141521,126.60669689582225,121.50189731954863,125.52533721923828,3886200
2023-08-04,125.34998604497366,125.34998604497366,123.08010416758385,123.27494812011719,2187400
2023-08-07,124.16147033079852,125.01876890094015,122.74888690686927,124.36605834960938,1473000
2023-08-08,123.95688120326626,124.1225004181553,122.75862250443853,123.23597717285156,1778600
2023-08-09,123.1775277043829,124.44397992726964,123.03139660067454,123.23597717285156,1617600
2023-08-10,123.51849134294349,124.77520690226517,122.51506919304867,122.88526153564453,1871100
2023-08-11,123.0801009355157,124.92133350151845,123.0801009355157,124.54139709472656,1188700
2023-08-14,124.52192090205487,125.0285003185143,122.31049590510041,122.67094421386719,2230700
2023-08-15,122.18384307707873,123.21649743396677,120.85893394308171,121.82339477539062,2866600
2023-08-16,129.5877516907933,133.68911471724132,128.10696737338225,132.6272430419922,6249900
2023-08-17,132.9974334000269,133.73781807365737,131.42897498918558,131.7212371826172,2207200
2023-08-18,130.93214772968284,131.92583341533566,130.2989252539182,130.47427368164062,2549200
2023-08-21,130.6009051051601,131.28284033323828,128.71095971229124,128.7694091796875,2016700
2023-08-22,128.81811993605214,129.1201187560861,126.37288977748318,127.1619873046875,2181800
2023-08-23,127.0158676250241,127.23019225211158,125.97346922372836,127.02560424804688,2855400
2023-08-24,126.92815436683549,129.53901075145768,126.92815436683549,128.49661254882812,1519100
2023-08-25,128.46741664366803,130.28917603544684,128.19464253908356,129.1591033935547,1447300
2023-08-28,129.1785762190832,129.46108691358864,127.35681704288088,128.1848907470703,1037000
2023-08-29,128.44792771049632,128.94476301208428,126.90869409970354,128.8376007080078,1485400
2023-08-30,129.0422185721139,130.89318803647038,128.4674306998523,130.5717010498047,1408300
2023-08-31,130.9321194579627,130.99058378632142,129.75334897482244,130.026123046875,2879600
2023-09-01,130.9029084094237,132.38369271611626,129.97742379214347,131.98426818847656,1357800
2023-09-05,132.19860311973522,132.33499018064427,129.7241479103638,130.07485961914062,2286000
2023-09-06,130.27943419233742,131.68228104267467,130.06510954214286,131.3607940673828,1641500
2023-09-07,132.19857223301437,134.79967727160889,131.77967452419117,133.8644561767578,2188300
2023-09-08,133.81575609520215,134.3418161530728,132.1888482132712,132.2570343017578,1619400
2023-09-11,132.56879214509175,134.90686010314138,132.56879214509175,133.7183380126953,1549800
2023-09-12,134.0690569987393,136.5922398551764,134.0690569987393,135.07247924804688,2389000
2023-09-13,135.6667299880151,136.30970386529827,135.25756884749123,135.5790557861328,2302800
2023-09-14,136.387647782955,136.57274768335802,134.71202692098709,135.96875,2429300
2023-09-15,131.2243903240726,136.11486556536786,130.8736786560699,135.16015625,4506800
2023-09-18,135.33549864933423,137.35209436718202,134.82891184800346,136.9331817626953,1713000
2023-09-19,137.7222764904927,138.96924792628917,136.80652859059515,138.7938995361328,1877300
2023-09-20,139.08617732771194,140.25521132183727,138.8328764711844,139.00823974609375,1637100
2023-09-21,139.544045146007,140.5864286656817,138.2873221375741,138.7257080078125,3993900
2023-09-22,138.84264091430362,139.9726987905233,138.47244108334408,139.56353759765625,1679700
2023-09-25,139.15436991401637,139.3492064446162,137.15726202895058,138.74520874023438,1889600
2023-09-26,138.82311616020135,139.2517653534232,137.0403333057039,137.11827087402344,1848600
2023-09-27,136.72861557970543,137.08906387286038,135.4426678337368,136.99163818359375,1979200
2023-09-28,137.48850226875348,138.18992568008505,136.4850800013075,136.78707885742188,1641500
2023-09-29,136.47532850273024,136.87475305791932,135.25758158940357,135.70571899414062,2434900
2023-10-02,135.3062787313796,135.93950110676946,134.03981911552697,135.38421630859375,1795700
2023-10-03,136.38764024896565,138.6770101563168,134.92634410344104,135.80311584472656,2105700
2023-10-04,135.91035782287886,138.75705451291972,135.20843098141745,138.59132385253906,2161100
2023-10-05,138.72782938474006,140.09267907023528,138.1721310212375,138.9228057861328,1936100
2023-10-06,139.21525125410227,140.2193936615731,138.4450745333474,139.27374267578125,2207200
2023-10-09,138.9520410422568,139.78070928047634,138.36709700636717,139.66371154785156,1369200
2023-10-10,139.89768282013745,140.64835747852692,138.27935065426954,138.67906188964844,2391400
2023-10-11,138.5230706175955,140.5801032805836,138.50358339383726,140.24864196777344,3099200
2023-10-12,140.74586021555962,140.96033872289212,139.28351487051773,139.70272827148438,2403700
2023-10-13,146.23452074845764,151.47947031954064,145.88355730363156,151.0602569580078,6481300
2023-10-16,152.12288866628865,154.19942359059215,150.9335282673916,153.1075439453125,4257800
2023-10-17,154.277422570335,154.99885157616907,153.55599356450094,154.95010375976562,2720400
2023-10-18,155.98348929545764,156.95838610355426,154.51140047049986,155.18406677246094,2898100
2023-10-19,154.9890856577113,156.47093292601974,153.59499040502055,153.83871459960938,2587000
2023-10-20,154.42367966424163,154.64791668596277,150.7093244547691,150.9530487060547,3051900
2023-10-23,151.10898332896718,151.10898332896718,149.4321598722896,149.62713623046875,1844200
2023-10-24,150.1731014220275,152.48361702885222,149.62716157635003,152.31788635253906,1683200
2023-10-25,153.85820295697258,154.033677221045,152.13263164821234,152.50308227539062,2219000
2023-10-26,152.74683636006333,153.4682654081472,149.52968854945635,149.9976348876953,2754000
2023-10-27,149.15920571751002,149.46142133590357,147.74560837703538,149.2176971435547,2147600
2023-10-30,149.7734137225231,151.46972478783212,149.373702428107,151.29425048828125,2253000
2023-10-31,151.23572831197507,154.47237758807438,150.8262734871775,154.1214141845703,2353300
2023-11-01,155.00858386946868,156.58791185054218,153.94594997790054,155.603271484375,2264400
2023-11-02,154.72588662049463,156.65617823090702,152.9905565304625,154.7843780517578,2996800
2023-11-03,155.11583001582196,155.11583001582196,151.70369122521942,152.28863525390625,4047000
2023-11-06,153.36103119432843,154.5211609023583,152.92233055808302,154.2579345703125,2067300
2023-11-07,155.00859662143995,155.00859662143995,153.25377934491613,154.62838745117188,1874700
2023-11-08,154.17992836215936,155.12557948129316,153.4390121235138,154.62838745117188,1757100
2023-11-09,155.21332527996057,157.2313539102583,155.03783612147038,156.32470703125,2274600
2023-11-10,156.92913515221974,157.660307733891,156.04197551628002,156.3636932373047,2988100
2023-11-13,157.14361515667878,157.91377707151304,155.53502653595746,157.85528564453125,2908100
2023-11-14,156.94863967307205,157.3580945400324,155.1840639864707,155.52528381347656,3080400
2023-11-15,155.28154411002154,155.52526828333282,152.30810622047534,153.7119598388672,3421700
2023-11-16,154.18967277673295,156.0809748423648,154.18967277673295,155.92498779296875,2781300
2023-11-17,155.82749158694529,156.79264471627178,153.5559803942228,153.61448669433594,2402500
2023-11-20,154.03369113684153,156.54892661264634,153.72171702709318,155.3498077392578,2019100
2023-11-21,156.10045382385672,158.7619325080026,156.05172088976963,157.74803161621094,1954600
2023-11-22,157.29960474671054,158.9179221303423,156.95838491616018,158.52796936035156,1518600
2023-11-24,159.04465028048662,159.98055767686492,159.04465028048662,159.61009216308594,680000
2023-11-27,159.75632331123714,160.35101091501528,158.9081679114569,160.28277587890625,1692900
2023-11-28,160.1560505462656,160.59475114599692,158.4987289051999,159.16165161132812,1656000
2023-11-29,158.69369412918056,159.64908879314567,157.94301945533593,158.90817260742188,1519900
2023-11-30,158.9569282868039,160.3315363628976,158.59620635059633,159.91232299804688,3561700
2023-12-01,160.03905058999507,160.71173171307012,158.16725065555428,158.38172912597656,2630000
2023-12-04,157.8650338513545,159.4736225188895,157.52382889211603,159.30789184570312,1569700
2023-12-05,159.30788287187784,160.22428820495935,158.47921467688013,159.42486572265625,1419200
2023-12-06,158.9569174768939,160.16577992196318,156.58791064773686,157.4360809326172,2146300
2023-12-07,158.27449179064948,158.86917939746004,157.61155427163823,157.6505584716797,2623000
2023-12-08,157.74803302591476,158.27448557559583,155.80799810872887,157.1240997314453,2614600
2023-12-11,158.78144596667346,160.2437912487412,158.20626039257243,159.31764221191406,2060600
2023-12-12,159.01541502457857,161.01395640681824,158.7229430142457,160.98471069335938,2204000
2023-12-13,161.16017152825518,161.41365419140925,156.24669869243036,156.51966857910156,2742700
2023-12-14,156.16871809889747,156.77314934431283,148.9837335661249,149.69540405273438,5633800
2023-12-15,147.87233209431437,152.40561091322868,145.39610089138176,149.5589141845703,6746500
2023-12-18,150.97251112359422,152.83456748409662,150.55329778619733,152.08389282226562,2346800
2023-12-19,151.45997254703624,153.87771252730246,150.86528488396624,153.7217254638672,2776000
2023-12-20,153.5852291654972,153.72171411699222,151.63543564371446,151.65493774414062,1716000
2023-12-21,151.04074121999128,152.6298276288922,150.5045599262518,152.5518341064453,1139200
2023-12-22,152.9808033965542,154.2189264923049,152.4251199583909,153.79971313476562,1006000
2023-12-26,153.80945410711251,153.93618056061572,152.7955532246297,153.4292449951172,1066700
2023-12-27,152.84431083368403,153.98493824280183,152.14238398565098,153.7022247314453,1217600
2023-12-28,154.03369673421048,155.18406783528565,153.65348757147862,154.3651580810547,1139700
2023-12-29,154.49189117809811,155.80800775806603,154.1311841361303,155.28155517578125,1637500
2024-01-02,155.78852300010246,157.6408211051697,155.34006389400164,157.5725860595703,1912200
2024-01-03,158.18675389092496,161.16019219025054,158.05026893009094,159.07391357421875,2208600
2024-01-04,160.54599203136206,162.10583280480003,158.86918328217075,158.90817260742188,1937200
2024-01-05,160.18529905714777,160.4387817586466,157.50433271941736,158.62547302246094,1544700
2024-01-08,159.3371451655547,161.35517393020282,158.2745111584201,161.21868896484375,1994200
2024-01-09,161.7840961708189,162.64200998347258,160.03903771179918,162.48602294921875,1927800
2024-01-10,161.91086188906596,163.9971404403663,160.04880543594774,161.35516357421875,1582600
2024-01-11,161.83287403489433,164.0653812337828,160.83847510151946,163.8021697998047,2275600
2024-01-12,165.12802587500627,165.69346780796766,163.49019150440347,164.66006469726562,1649900
2024-01-16,165.57647189500744,165.57647189500744,163.80216742274854,164.33836364746094,2186300
2024-01-17,164.99153666533502,167.39953290583102,164.65031684149366,165.62521362304688,2373800
2024-01-18,164.08693400528625,166.8303740997477,163.54804158396504,166.47764587402344,2530200
2024-01-19,167.54561534022196,169.0251063274043,166.64420212777856,166.70298767089844,2722300
2024-01-22,167.2712781151088,168.4960268038906,166.7715860322822,166.8401641845703,2643200
2024-01-23,166.25226313292458,168.56458903699115,166.14449961101263,166.8793487548828,2932600
2024-01-24,177.9314967551784,178.66634597368733,172.94430869648318,174.75694274902344,4565900
2024-01-25,174.8059452987151,176.84392903750359,172.59158996350297,174.4140167236328,2887200
2024-01-26,174.60017626792174,176.3638174323545,173.68897038745,175.7955322265625,2354300
2024-01-29,175.13905844530137,176.81452119104594,173.15986042385077,174.16905212402344,2000800
2024-01-30,172.8169340207042,176.1874446142522,171.95470620824923,176.0796661376953,1834700
2024-01-31,176.81451681947667,177.20643040091505,174.1004696688543,174.64915466308594,1978800
2024-02-01,173.19905650789022,176.0208671860443,172.80712797582382,175.09986877441406,2839200
2024-02-02,176.53037158560133,178.22541954990004,176.05026472726564,177.0398712158203,1791600
2024-02-05,176.8341158411719,178.9504852275023,176.8341158411719,178.49977111816406,1819200
2024-02-06,178.32340489285116,178.930875444026,176.27562872149818,176.62835693359375,1579600
2024-02-07,177.78451852744726,179.15624604351498,177.03006914113732,178.48997497558594,1586600
2024-02-08,178.52917361318538,180.55734966943973,178.21563077229928,179.26402282714844,1762400
2024-02-09,178.87209820501968,180.28301111890715,178.61735585411338,179.02886962890625,1968700
2024-02-12,179.0288604124618,179.42077400145658,177.98046838855583,178.67613220214844,1748900
2024-02-13,180.4201778765099,181.17462725341636,177.06926726489004,178.40179443359375,3251300
2024-02-14,180.44955963691112,184.398147964497,178.54874739970214,184.1531982421875,3434300
2024-02-15,183.93765404052667,186.01483799606598,183.32039086389014,185.4171600341797,1939700
2024-02-16,186.0246367861666,188.0430203129014,184.77049527536934,185.2701873779297,2113100
2024-02-20,185.79927678417513,188.0724025385527,185.181998671097,185.6522979736328,2497900
2024-02-21,186.41654614751616,187.4551456113751,183.9964415020959,186.40675354003906,2253100
2024-02-22,186.8770591111146,188.42514332540603,185.42696077705594,187.8176727294922,1997700
2024-02-23,187.96463174316776,188.70928853238757,186.67130487067664,187.435546875,1826500
2024-02-26,188.2683591207135,189.75765768601485,187.4649317694037,189.6694793701172,2194200
2024-02-27,189.71844973740346,190.0319775845898,185.82864723751078,188.2977294921875,2502700
2024-02-28,188.83664361448555,189.48331449649083,187.61189495184456,188.15078735351562,2533600
2024-02-29,188.23898070113935,188.47413784534143,184.98605576768225,185.73069763183594,4203700
2024-03-01,185.37794898195324,186.31856250466006,183.16360884904967,184.03562927246094,3624700
2024-03-04,183.96704681319767,185.9952378307701,183.53594783050787,185.4171600341797,2931000
2024-03-05,185.6621038318949,187.02402374073404,185.57391056615867,185.9756317138672,2445800
2024-03-06,189.49312375000807,192.3345498672732,187.1416120913821,192.05039978027344,3431500
2024-03-07,192.04058626366614,192.96159963069132,189.94381719533976,192.1581573486328,2964900
2024-03-08,191.18817709028437,194.9603941404485,190.56110634983486,194.40191650390625,2803500
2024-03-11,194.19615364724285,194.25493919359263,191.48210630324203,192.76565551757812,2178200
2024-03-12,193.0203912766423,195.04858225971955,191.61928596800254,194.92120361328125,1515100
2024-03-13,195.59726912492636,195.83241130451984,193.7748424803494,195.70504760742188,2101400
2024-03-14,197.55686526878526,198.60524236142888,195.50907411956905,197.79200744628906,3537800
2024-03-15,195.53846611233456,201.67200160772455,195.53846611233456,200.74119567871094,5740500
2024-03-18,200.4374690145046,203.0143299662579,199.9475695623898,202.24029541015625,2289900
2024-03-19,203.33768104527033,203.67080911021137,200.05534848331243,201.33889770507812,2024900
2024-03-20,200.85878306781765,202.68120969757675,200.54524023018172,201.56423950195312,1729900
2024-03-21,200.3688748475012,203.01432888471868,199.42826132621212,201.41726684570312,3418700
2024-03-22,201.6916260341397,203.21030249286048,201.09394805825588,201.54464721679688,2557900
2024-03-25,201.67202062099037,202.71060512078733,200.5256576381647,201.85818481445312,3491700
2024-03-26,201.6328087694557,203.6022141240372,200.17291797885554,200.51583862304688,3546200
2024-03-27,201.01555852325205,202.13252874130566,200.13373048760192,201.9855499267578,3509100
2024-03-28,203.04371973217928,203.98433324455777,202.22069225293848,202.6420135498047,3163400
2024-04-01,203.00454629819052,205.80677188569763,201.76019744887475,205.7087860107422,2324300
2024-04-02,205.71859225856053,206.4534414644104,204.72898575966698,205.78717041015625,1919100
2024-04-03,206.14005742054712,207.57125185413793,205.46368668496666,206.610595703125,2526800
2024-04-04,207.03209100155485,208.0515755982683,204.25793756837527,205.11077880859375,2581400
2024-04-05,206.09106303434552,207.8653415312717,205.15000139521126,206.8360595703125,3035900
2024-04-08,206.5419628342621,206.79684146798823,204.58143159718765,206.2380828857422,2793700
2024-04-09,206.40474686376302,206.8850824495869,200.16045903639156,200.76821899414062,2662100
2024-04-10,199.9251751658444,203.0032086906766,199.1997881619604,202.08175659179688,2367300
2024-04-11,202.17978948211777,203.00320903489583,198.1018808050263,198.26852416992188,3896400
2024-04-12,203.89525480831475,205.36565328049008,199.2487902514806,199.87615966796875,5367700
2024-04-15,203.65998579632594,204.65986094618185,201.08189731136753,202.51307678222656,3841900
2024-04-16,203.56197184101373,206.4635498367874,202.64051972152242,204.2383575439453,2916800
2024-04-17,204.95396001479034,205.88520946399174,203.49335869666652,204.9931640625,3554600
2024-04-18,205.2284147725468,205.90480045666106,203.91486240617033,205.6107177734375,2116500
2024-04-19,206.73801667434077,210.93355240031494,206.38512044703143,210.45323181152344,4191100
2024-04-22,210.81592994457452,211.94324442549137,208.66914576105773,208.7965850830078,2732400
2024-04-23,209.51217759192403,210.97277882589725,208.169218409638,209.7964630126953,2576100
2024-04-24,209.59058785082703,210.8551388650455,205.64991590728508,208.01235961914062,2633200
2024-04-25,207.95355003396665,208.12019339605376,204.95393960106546,205.92440795898438,1882500
2024-04-26,204.885323532622,205.76757161552166,201.4445963950148,203.92466735839844,2628700
2024-04-29,203.8952621116224,203.92466888550587,201.1897342106707,202.5915069580078,2691600
2024-04-30,202.7581416799867,206.62039070037983,202.13077226778915,204.14031982421875,3578400
2024-05-01,205.03236903134894,209.52198754897938,204.36578060457543,207.62026977539062,2360600
2024-05-02,207.5712616404567,208.580934113216,204.20895747455614,204.90493774414062,2023100
2024-05-03,203.69920111556198,205.1303805605444,200.6113554032783,204.60104370117188,2150800
2024-05-06,205.08138779388193,211.28645633408968,204.9441511981264,211.25704956054688,2644700
2024-05-07,212.06086463812673,212.06086463812673,209.05144198704372,211.20803833007812,2706200
2024-05-08,212.1883045782525,213.47245015867418,211.6099364894699,211.63934326171875,1840000
2024-05-09,210.31600267282093,210.88455855683512,209.30633022845677,209.50238037109375,1923300
2024-05-10,210.1591465940612,211.835407392977,209.51216769218732,211.50210571289062,2128400
2024-05-13,212.227514137062,213.35481365633996,208.21823120117188,208.21823120117188,1549300
2024-05-14,207.92414190310703,210.1591463270441,207.3359765462114,209.45335388183594,1777000
2024-05-15,203.2678887031454,209.0220433648758,202.9640087405055,205.12059020996094,3641800
2024-05-16,205.84599187275964,207.2379673187223,201.58183025741133,202.92478942871094,3419000
2024-05-17,205.17940684469292,205.54210035941009,203.18946871326187,205.0911865234375,2005000
2024-05-20,204.8755265988978,205.37545670966605,202.8169626930669,202.8953857421875,2172500
2024-05-21,203.8854629276069,207.11053041381336,203.6893978266659,205.24803161621094,2669100
2024-05-22,205.2578185173757,205.72834182899285,202.25820809960857,202.26800537109375,1684000
2024-05-23,201.68966969128851,203.37572790792143,199.01354849300913,199.17037963867188,2469300
2024-05-24,199.44486974615936,200.89565882196538,198.94492465661946,199.885986328125,1721200
2024-05-28,198.9743236457357,201.60144344754178,198.84689927848058,201.1309051513672,2876200
2024-05-29,200.39569952798317,200.9936621724263,197.79800154012923,199.14096069335938,3075800
2024-05-30,199.14097135520072,203.0228301160455,199.09197003624044,202.84637451171875,2589000
2024-05-31,203.35609519911742,207.17914000376538,203.13063829985077,207.01248168945312,4520600
2024-06-03,207.28698601312686,207.5712564772239,203.08163789521677,205.24803161621094,1827300
2024-06-04,204.75789374232087,208.22802756167408,204.5030151004342,207.7869110107422,2768600
2024-06-05,208.20842900315944,209.09067710905754,206.14988000473232,208.41429138183594,2126000
2024-06-06,209.25732232329736,210.21797853101,207.36540172489276,208.98284912109375,1756300
2024-06-07,210.7669158743452,212.22751710430356,207.5712551816918,208.3358612060547,2113000
2024-06-10,207.57125601647496,208.29665799841194,205.16960811195,206.13026428222656,2629000
2024-06-11,205.7675705504093,205.8949949164015,203.24828059673706,204.37559509277344,2298100
2024-06-12,202.98362707408398,203.89526700167062,197.36669380494996,198.4449920654297,3002100
2024-06-13,199.4350434630841,200.6995945276373,198.30774394886495,199.58209228515625,2520500
2024-06-14,201.73867139878345,204.7872981328848,199.37622762011222,199.89576721191406,2913800
2024-06-17,200.58195186888523,204.19913449893235,200.58195186888523,204.13052368164062,2489400
2024-06-18,204.9735558007867,207.6888809135959,204.06190095761346,206.5909881591797,2722100
2024-06-20,206.7086051628704,208.03196972435768,205.06176611162658,206.6890106201172,2545300
2024-06-21,204.95395301231164,206.1204715809196,202.59150910090116,205.06178283691406,3950700
2024-06-24,205.6695278210309,208.60052741646058,205.43427364458594,206.52235412597656,2927400
2024-06-25,206.80664043951128,208.34564969528003,203.69920019812284,204.1697235107422,2331500
2024-06-26,203.13065355363048,204.2971720954184,200.8368354731906,204.08151245117188,3213100
2024-06-27,204.75789606301805,207.2281547593009,203.6698005809648,207.1791534423828,1987600
2024-06-28,206.24789456527535,207.65947954780637,203.43453682999058,203.61099243164062,4068200
2024-07-01,205.1401936692859,206.34591621245193,203.8070318070888,205.32644653320312,2264000
2024-07-02,203.9540789296449,207.051722128157,203.38552302933564,206.9536895751953,2277700
2024-07-03,206.8458063665987,207.10079082671717,204.648965370657,206.2181396484375,1284900
2024-07-05,206.326025566753,206.50254982078442,203.9820809725516,206.12986755371094,1699400
2024-07-08,207.1007877182962,208.76802601044216,205.52181154970248,205.66893005371094,2706400
2024-07-09,205.91411515810464,208.63072698182793,205.25701276858152,205.4531707763672,2372200
2024-07-10,205.4629792895678,206.9242726918748,204.48224907816177,205.94354248046875,1988200
2024-07-11,204.27628982471455,208.28748777584246,203.5015195396344,207.73828125,2546500
2024-07-12,208.3365128358689,210.30779014968718,206.728115878412,209.18975830078125,2315700
2024-07-15,210.19010563916868,213.0538360545392,210.19010563916868,212.91653442382812,2415300
2024-07-16,218.23208471584755,219.52664077694837,204.35474363453685,205.95333862304688,3735900
2024-07-17,210.6608545595086,217.19252142587897,210.50393413253593,217.0846405029297,4422800
2024-07-18,219.00686182287131,224.5872191381764,219.00686182287131,220.20335388183594,3522200
2024-07-19,220.1739233388998,220.45832850393234,214.50530414900297,215.1231689453125,3207500
2024-07-22,209.88607733451147,214.40724442694597,209.0622675085195,212.1319580078125,2945700
2024-07-23,212.14175753420614,212.27905917032533,210.5725981163804,211.73965454101562,3085000
2024-07-24,212.37713962356358,213.24017207156518,210.72950501418583,211.2885284423828,2312600
2024-07-25,211.82793556420793,213.04403151673915,208.00307854752884,208.66998291015625,2288800
2024-07-26,208.98380748217414,212.15157699614863,208.98380748217414,211.52389526367188,1972300
2024-07-29,211.70042137059934,212.8086512842741,209.29763537582028,209.51339721679688,1793700
2024-07-30,209.97435462207739,213.48535578339326,209.68993446645433,211.52389526367188,1595500
2024-07-31,210.65104499494737,211.4650529027854,208.57190164200344,209.99395751953125,2321900
2024-08-01,212.32809915803068,213.24017110758967,208.28749531612402,211.13160705566406,2207800
2024-08-02,212.34770814683802,215.2800818819318,210.3764308576221,212.75961303710938,1769800
2024-08-05,212.75961184142562,213.83840608185787,204.11938117950987,206.84580993652344,2820200
2024-08-06,209.09168154811005,213.11268146749427,208.17960961945175,209.92530822753906,2705000
2024-08-07,209.49377008485783,214.10319884409762,209.35646846104234,211.72003173828125,2082100
2024-08-08,210.84719613286626,215.48604589978603,210.84719613286626,214.15225219726562,2482600
2024-08-09,215.07413867402622,217.61422633380266,213.72072619155216,217.45730590820312,1730600
2024-08-12,220.45832599715828,221.3998335348884,217.24153227077528,218.69302368164062,2350100
2024-08-13,218.3791905240615,220.13470595176005,216.0842854614131,218.04574584960938,1649900
2024-08-14,222.62575426303903,230.21661135958402,222.15500795957462,229.82431030273438,2914900
2024-08-15,232.92341785526403,233.8551085337341,229.99102922842704,232.20748901367188,3898100
2024-08-16,232.5899739407933,233.4530063263527,229.54970438564405,231.3346405029297,2600500
2024-08-19,230.6579409074343,233.24706806799418,230.22641721988174,233.19802856445312,1366300
2024-08-20,234.35529769726236,234.55144074642104,232.58016344577425,234.1493377685547,1436800
2024-08-21,235.80677595656147,236.15983943355127,230.8835060731915,232.7469024658203,1814000
2024-08-22,233.04109898158788,235.77734454524912,232.42324914846665,235.59100341796875,1563100
2024-08-23,235.3262134914745,236.77769002814833,234.34548327066005,236.60116577148438,1544700
2024-08-26,237.6995701849256,240.27889536057913,237.09152225885717,237.7780303955078,2087100
2024-08-27,238.42533338458642,241.19098492773128,237.38576170649807,240.8379364013672,2883300
2024-08-28,241.2204067291269,243.55453443057027,240.62216070815813,243.47607421875,2482100
2024-08-29,242.62284395565888,245.4081141364369,241.24982765943176,245.19235229492188,1982700
2024-08-30,244.80987836295503,249.44874318496102,244.00568734571624,247.3401641845703,2817600
2024-09-03,247.34015742268397,249.91948267886457,246.24174436975025,247.45785522460938,2449100
2024-09-04,248.89951411249731,249.6252598572535,246.48692616936466,249.0172119140625,1631400
2024-09-05,248.29145483466385,249.01720054628936,242.5247566581517,244.7313995361328,2328900
2024-09-06,245.2708129294524,247.17343191804224,243.27012989939468,243.89779663085938,2429400
2024-09-09,244.94718079991043,247.92860912735966,243.73108487258102,246.46731567382812,2457100
2024-09-10,247.71283132264463,249.82139522938172,244.2018154730843,244.32931518554688,1997300
2024-09-11,244.16259144870733,245.0452426220992,240.5731154093712,244.7804412841797,2509600
2024-09-12,243.07398162468337,245.26100574068263,241.76960868669136,244.6725616455078,2118200
2024-09-13,251.370965240175,251.80248893982716,244.8687189649057,250.537353515625,3078900
2024-09-16,252.35168662578806,255.44098078528825,250.62560685249423,251.37095642089844,2752600
2024-09-17,251.08653212822506,252.22418273862147,248.68376112369393,251.9593963623047,1736100
2024-09-18,252.0378591068382,254.05816104139905,250.57658060171244,252.69496154785156,1710400
2024-09-19,251.9397892228244,252.1555211291671,247.8795519289219,250.3804168701172,2699000
2024-09-20,250.29214994766016,254.5092926156302,249.30160291166624,254.24447631835938,4476700
2024-09-23,254.9898395185331,255.37233864397524,251.7436251097925,252.63609313964844,2629600
2024-09-24,251.96920935427522,252.16533743127692,249.1152659929847,251.59652709960938,1774800
2024-09-25,253.14607169962045,253.7443326785007,251.52787287300984,252.037841796875,2430800
2024-09-26,250.52752705304175,250.93943194202083,246.8988282993881,247.51669311523438,2115200
2024-09-27,246.22211495186178,248.00705105062215,245.7219479507143,246.2613525390625,2011900
2024-09-30,248.01687140310065,249.04664115472863,244.13317304302697,248.87010192871094,2233700
2024-10-01,246.56539591860366,251.23368148935253,246.3005945607845,249.3702850341797,1569300
2024-10-02,248.62490592123655,249.94889766812057,248.0168579900998,249.5271759033203,1476000
2024-10-03,249.2426524523887,250.1060391511759,245.4947978629643,247.50608825683594,1887100
2024-10-04,246.9762797881716,251.33245137042024,246.7408215739047,250.53773498535156,1951800
2024-10-07,250.03737257251507,251.0282941607192,238.59755852489235,240.88356018066406,2757500
2024-10-08,242.97332028922068,245.17102505624626,242.59068572855415,244.3174591064453,2008500
2024-10-09,243.56200185386137,247.78080286600175,243.2284260686464,246.02459716796875,1920700
2024-10-10,249.95888659789463,251.0479257784637,246.2895079690764,247.0253448486328,1731400
2024-10-11,246.7996899094023,249.37020859213504,246.72119884656414,249.29171752929688,1643600
2024-10-14,249.83133315064921,249.83133315064921,245.66159089320627,247.1234588623047,2413600
2024-10-15,249.2034115400836,250.58678840182245,245.02386364935316,246.84873962402344,3897800
2024-10-16,247.3491141490273,251.16565415434388,246.56421848566706,250.54754638671875,2461000
2024-10-17,252.15658298494625,254.68784859130457,246.1423383010889,246.59364318847656,2866500
2024-10-18,247.43739920792115,248.16343028184568,245.15139762107663,246.37779235839844,2089900
2024-10-21,246.40723573830587,247.93778901479158,244.71971530605512,246.00498962402344,2566900
2024-10-22,243.69935207263345,245.11216121477293,240.74619891485509,243.56199645996094,1633600
2024-10-23,243.3069179380855,244.64123605401326,241.69788858981727,242.5808868408203,1240900
2024-10-24,243.51293940383417,245.2397127989852,241.75674870287204,242.2080535888672,1273600
2024-10-25,241.6782551270526,241.91372830684244,237.80285073817475,239.17640686035156,1594600
2024-10-28,240.21638604423586,241.04051971355685,238.99981204780173,239.69639587402344,1322600
2024-10-29,239.84357403499683,240.81486909165682,237.07682030485745,237.11605834960938,1472700
2024-10-30,237.9205901534469,238.82321492579973,236.81192446851895,238.41114807128906,1560000
2024-10-31,237.5281438975961,240.96204923705375,235.64438836578827,238.24435424804688,3362600
2024-11-01,238.75453657932374,241.21713185471216,237.9696409430227,238.1364288330078,3237900
2024-11-04,238.88207723396866,239.32357636174643,235.71307730629164,236.9198455810547,2209000
2024-11-05,235.71307366389797,243.44427104751614,234.9772368054259,243.38540649414062,2002700
2024-11-06,254.88409261266355,254.95274796613316,245.93630596636953,253.8637237548828,3712200
2024-11-07,252.94145989722216,255.453113929013,248.39888899042987,250.44943237304688,2432700
2024-11-08,254.56029425066058,258.41610205710884,252.52940732263988,256.5813903808594,2603400
2024-11-11,257.6410237762605,258.8674185677114,254.5014411336346,254.98220825195312,2177600
2024-11-12,256.0516221253879,258.6123200902067,253.38298584894696,257.38592529296875,1617500
2024-11-13,258.6711774695984,258.6711774695984,255.9142444371875,256.4342346191406,1427800
2024-11-14,255.16859479762107,256.0712345456614,250.6849031882017,252.6373291015625,1885900
2024-11-15,255.16858455516658,255.99274817699424,248.23210362124942,250.94979858398438,3259900
2024-11-18,250.8516780966183,252.64713676011613,249.49774848593822,251.67581176757812,1658300
2024-11-19,249.78227218974524,252.2743147478115,247.9672169111681,249.7037811279297,1766600
2024-11-20,250.02755649558097,252.7550573268347,248.47739167548198,252.1663818359375,1638400
2024-11-21,254.50143270748632,258.53383421773543,252.34299591076268,258.46514892578125,2280500
2024-11-22,259.2304255165572,261.15340415769464,258.25913042712943,261.0356750488281,2321100
2024-11-25,260.2605736256341,261.8500063487252,256.7776245638221,260.85906982421875,5405200
2024-11-26,260.18210411282416,263.0960192668878,258.6515658441522,262.9586486816406,2114800
2024-11-27,262.9586545990676,265.50956175135076,261.5556661447595,261.820556640625,2862900
2024-11-29,263.02733930984834,265.0680770036602,262.22281714322486,263.80242919921875,1427300
2024-12-02,263.2333660975962,265.06807785653973,258.7987333099455,259.0538330078125,3095400
2024-12-03,260.1919342598185,261.2907792164132,257.15046914984976,257.65081787109375,2844700
2024-12-04,257.0523372643005,257.964767764103,254.589727047468,255.43350219726562,1852900
2024-12-05,255.94369208642703,259.4070299081185,255.52181944844835,256.35577392578125,2972000
2024-12-06,256.1104793608086,257.45460322956217,248.08494425231774,249.75283813476562,3151300
2024-12-09,247.2608124581938,249.18379107646967,241.35449104649646,243.1793670654297,3364700
2024-12-10,243.89557472328767,244.66084385463878,240.3733725712179,242.6005096435547,2396200
2024-12-11,242.41409377330095,243.43444761869466,237.8911493343703,239.12734985351562,3615900
2024-12-12,240.68734354849596,242.32580519456576,236.77268598196343,238.17567443847656,3608900
2024-12-13,244.29784034810402,249.870571046443,243.35596256931913,247.0449676513672,3285800
2024-12-16,248.90907750057278,249.33096508275378,245.0336730530212,245.52423095703125,2496400
2024-12-17,243.25785188802593,244.30763800083832,240.75600362404882,242.8555908203125,2481800
2024-12-18,242.97332673437887,243.3167232594928,235.48742321090586,235.7425079345703,2872400
2024-12-19,236.48814414589262,238.9311278597713,234.84968256814068,235.1832733154297,2722700
2024-12-20,233.47613806740506,238.76435185580465,232.42633693078727,235.43836975097656,5587400
2024-12-23,235.16365984184296,236.95910363893373,233.9666973104491,236.45872497558594,1847300
2024-12-24,236.71382230656593,238.65642747304636,235.81119753253824,238.64662170410156,680200
2024-12-26,238.8919024448398,239.43150418297944,237.2828730581593,238.59756469726562,952300
2024-12-27,237.07682338767134,238.88207288251445,235.50703210567954,236.46853637695312,1410400
2024-12-30,234.15311186679608,236.98853606857136,232.72067614169475,235.0753631591797,2257400
2024-12-31,234.99686247201072,235.92891949527694,234.1432815392047,235.0851593017578,1773800
2025-01-02,235.94854737389576,237.1847479094539,234.34932380731433,236.1055145263672,3107200
2025-01-03,237.73417085387737,239.83375810018094,235.879862561444,237.6458740234375,1461900
2025-01-06,238.18549260168442,239.00962630025924,234.72215494327028,235.06553649902344,2129600
2025-01-07,235.3598761934429,238.74472281761223,234.42781914774983,237.70474243164062,2346300
2025-01-08,238.6368031895435,243.06164523915638,236.93947696661357,238.99000549316406,2601400
2025-01-10,237.22999572753906,241.57000732421875,234.72000122070312,235.61000061035156,3692300
2025-01-13,230.36000061035156,236.32000732421875,228.5399932861328,235.77999877929688,3023800
2025-01-14,235.47999572753906,239.8300018310547,233.11000061035156,239.75999450683594,2256700
2025-01-15,240.91000366210938,242.94000244140625,238.42999267578125,242.47000122070312,3498000
2025-01-16,242.69000244140625,246.35000610351562,242.0,245.5399932861328,1897600
2025-01-17,245.72999572753906,246.8300018310547,243.61000061035156,243.67999267578125,1967900
2025-01-21,244.00999450683594,246.92999267578125,239.75999450683594,241.00999450683594,3204800
2025-01-22,243.2899932861328,243.49000549316406,236.89999389648438,239.1699981689453,3657400
2025-01-23,240.0,241.5,238.14999389648438,239.50999450683594,2590000
2025-01-24,238.6300048828125,239.92999267578125,236.00999450683594,238.82000732421875,2324200
2025-01-27,240.44000244140625,247.02000427246094,240.11000061035156,246.91000366210938,2251900
2025-01-28,246.69000244140625,246.69000244140625,243.02999877929688,245.0500030517578,2724400
2025-01-29,238.4199981689453,252.0,237.72999572753906,246.39999389648438,3564600
2025-01-30,247.38999938964844,249.69000244140625,244.17999267578125,249.22000122070312,2374400
2025-01-31,250.1999969482422,251.25999450683594,246.42999267578125,246.44000244140625,3047500
2025-02-03,247.52000427246094,250.7100067138672,245.50999450683594,248.9199981689453,2050300
2025-02-04,247.2100067138672,251.5,247.11000061035156,248.0,1775200
2025-02-05,249.75999450683594,250.3800048828125,247.25999450683594,249.0,1508500
2025-02-06,250.7899932861328,252.64999389648438,250.33999633789062,251.35000610351562,1589100
2025-02-07,251.58999633789062,253.35000610351562,249.6300048828125,250.60000610351562,1710700
2025-02-10,252.0,252.47000122070312,248.50999450683594,249.69000244140625,1916500
2025-02-11,253.0,258.7300109863281,248.58999633789062,257.57000732421875,2794900
2025-02-12,256.3599853515625,257.95001220703125,255.1300048828125,256.7900085449219,2164700
2025-02-13,257.7900085449219,262.32000732421875,256.95001220703125,262.1300048828125,2781100
2025-02-14,261.2900085449219,264.3500061035156,260.3599853515625,262.6000061035156,2852100
2025-02-18,263.1199951171875,266.4599914550781,262.0400085449219,263.92999267578125,2609600
2025-02-19,263.010009765625,270.7900085449219,262.45001220703125,269.6199951171875,3223100
2025-02-20,268.57000732421875,269.2300109863281,263.9800109863281,267.6700134277344,1934100
2025-02-21,266.9200134277344,269.0899963378906,265.75,266.19000244140625,2567300
2025-02-24,266.4800109863281,275.5199890136719,266.4800109863281,272.6300048828125,3952100
2025-02-25,277.6400146484375,279.92999267578125,274.3900146484375,278.5199890136719,3541100
2025-02-26,278.4700012207031,280.25,272.4599914550781,273.42999267578125,3386800
2025-02-27,274.5899963378906,279.95001220703125,274.010009765625,278.7699890136719,2338900
2025-02-28,279.94000244140625,282.3999938964844,276.6400146484375,282.0,3509200
2025-03-03,282.3800048828125,285.2799987792969,282.0799865722656,285.0799865722656,2871800
2025-03-04,285.8500061035156,287.489990234375,281.7099914550781,283.19000244140625,3363000
2025-03-05,280.9100036621094,283.5299987792969,278.989990234375,281.8599853515625,2485600
2025-03-06,281.0,281.54998779296875,276.1400146484375,281.1700134277344,2308800
2025-03-07,278.57000732421875,281.92999267578125,277.7799987792969,279.82000732421875,2885700
2025-03-10,279.2200012207031,286.8500061035156,277.3599853515625,278.69000244140625,4159500
2025-03-11,277.7699890136719,279.1000061035156,273.5199890136719,276.94000244140625,3353700
2025-03-12,278.8900146484375,280.0,273.3500061035156,277.54998779296875,2878900
2025-03-13,278.19000244140625,281.1600036621094,276.0799865722656,279.3999938964844,3046600
2025-03-14,280.20001220703125,284.2799987792969,277.57000732421875,283.69000244140625,2223400
2025-03-17,282.6600036621094,292.989990234375,282.44000244140625,291.2200012207031,3454600
2025-03-18,290.1400146484375,291.6400146484375,282.20001220703125,283.2799987792969,3548600
2025-03-19,276.5,278.3800048828125,267.3900146484375,273.2900085449219,6077100
2025-03-20,272.8800048828125,278.3399963378906,272.42999267578125,274.6199951171875,3630400
2025-03-21,275.29998779296875,278.3299865722656,272.5299987792969,272.8599853515625,7280200
2025-03-24,275.4800109863281,276.010009765625,272.5299987792969,274.0,2553300
